slides/data/aspect100m_cl.txt
ncols         169
nrows         382
xllcorner     813515.0021541
yllcorner     1119250.21741
cellsize      100
NODATA_value  -9999
[rows 120 to 149 of 382, columns 69 to 137 of 169]
137.3533 127.0928 51.11551 350.3625 3.814075 55.56101 53.58362 75.12432 88.94882 93.71529 278.5308 279.4985 283.0583 310.2364 18.92464 349.1861 355.9717 57.42594 58.73627 26.56505 87.7974 45 313.5679 331.3895 72.77962 75.14139 287.5924 269.1001 317.1211 12.26477 0 60.9454 112.3801 123.3664 140.5993 110.8068 68.79077 53.36589 339.8637 280.3487 266.8202 293.6294 316.7899 342.9795 89.2361 72.75854 352.3667 353.7844 8.880659 36.02737 90 99.46232 29.74488 36.31364 59.64188 58.24052 322.7652 355.3645 32.69199 14.42077 39.80557 102.0948 137.8624 155.3532 140.7106 100.4077 3.366461 327.5288 29.57784
123.3664 311.4237 347.9694 345.3791 18.43495 54.05789 47.04541 70.14478 78.78308 79.35938 295.9065 284.3412 293.459 338.4047 11.30993 345.4655 43.21009 76.67547 75.34325 80.21759 80.75389 345.9637 300.3236 330.0685 71.3233 69.30455 345.3236 274.2222 228.9005 178.0251 138.8141 130.6013 68.96249 76.42957 90.78483 49.23639 57.09476 76.05427 350.5377 280.008 298.7398 307.4054 322.7218 58.57043 90.60309 350.5377 310.7108 57.99462 67.61987 73.30076 62.74467 24.77514 25.20112 106.8763 112.1412 107.488 286.9275 334.5367 54.63754 46.73571 73.81079 112.4794 126.3844 140.9061 137.6026 6.842773 357.1376 347.9694 22.69379
13.17255 330.7086 307.4054 329.0363 37.33319 56.30993 53.97263 79.53466 86.96266 71.31808 315 295.6898 300.0499 3.077455 34.15969 12.26477 62.81889 48.30186 39.12261 29.18081 21.13982 357.5104 318.6522 340.4633 82.71597 74.68718 0 305.9097 259.2869 270 41.18592 32.00538 35.53768 78.69007 51.34019 351.8699 58.09189 79.18612 21.80141 286.1645 302.417 315.6511 353.991 90.78483 79.99202 322.696 330.0685 85.7636 122.0054 135 104.4208 80.53768 113.4047 115.3462 106.6992 22.0679 308.5812 339.444 50.33216 54.65989 80.83765 101.5601 92.72631 26.07536 342.8476 340.1148 13.20109 29.29136 107.0205
11.30993 0 309.5077 317.9357 45 64.98311 85.5154 105.9088 107.6607 15.25512 311.4708 309.6626 318.4109 16.82141 26.07536 10.25682 11.91515 24.27444 37.9716 39.28941 34.46082 52.12502 241.3895 175.9144 98.6428 75.69972 1.041627 347.7352 322.3058 318.9909 0 10.98065 56.88866 96.34019 331.9275 347.2756 71.31264 70.95338 14.03624 292.5206 292.9321 311.6335 107.5924 102.2648 32.19573 324.8658 9.246113 59.57421 69.34109 106.9275 152.1027 141.3402 103.8912 80.44571 9.743641 349.3803 338.1265 0 74.35775 86.78452 106.46 96.34019 15.25512 0.8550974 331.3895 332.354 37.72499 86.0995 121.6608
33.43987 0 322.7218 340.1148 76.70143 104.4703 120.9638 117.4744 85.53284 315.5509 294.269 300.6322 337.9638 13.81503 18.85316 19.29005 48.81408 78.31063 49.08562 34.38034 60.70864 104.2159 182.1211 170.6764 116.8473 75.96375 6.709837 349.2869 316.5482 313.0909 336.0375 36.8699 80.75389 73.70596 300.7189 28.7398 90.37447 83.04704 355.8554 300.1243 295.994 77.47119 113.1986 115.4633 284.0363 295.2011 33.69007 69.86369 83.65981 94.14462 112.3801 53.1301 61.50436 45 332.8189 328.6901 30.67728 117.3499 133.8065 128.7289 116.565 355.1009 6.46982 13.81503 321.8428 343.7398 75.96375 83.55047 75.14139
39.80557 353.3675 306.0274 21.80141 105.7512 122.9279 130.7272 112.8905 358.1524 337.8097 271.5587 255.0378 240.0685 356.9872 83.991 120.0686 122.9052 94.3987 1.218875 56.72511 78.50343 46.78991 4.127592 31.93068 46.24537 29.87599 17.52557 342.7585 307.2348 295.71 341.5651 81.25384 92.12109 27.1213 312.2298 92.663 106.4675 85.42608 321.4188 307.4674 311.6335 80.13419 84.03551 59.74356 294.444 285.9454 94.3987 96.54629 83.95591 59.85862 25.46334 12.09476 74.19749 84.64417 263.3675 255.3432 114.0574 119.9488 136.5694 85.36454 338.1063 344.8865 34.56252 14.03624 329.9951 17.70043 63.43495 64.14814 65.08198
46.43209 358.5312 319.7636 135 126.453 121.866 90.90938 321.2345 334.6041 11.65929 290.4926 247.1095 247.0231 315 84.47246 75.06858 38.79655 9.637538 107.354 125.647 120.4998 356.4237 5.194429 47.48955 52.38604 70.76933 101.3099 273.0128 308.2902 296.5651 270 107.7839 94.76364 319.0856 335.1363 94.73344 96.80905 319.316 315 317.2026 353.1572 52.59464 56.72511 28.81079 320.1944 338.0255 34.28688 65.95578 48.65222 23.02549 22.71441 53.84182 101.0035 99.46232 295.56 289.2307 86.9413 78.38851 12.45 339.8874 335.0631 10.00798 47.2026 3.289243 343.1786 11.0702 40.39991 71.30696 83.8845
80.21759 341.5651 111.541 130.8878 125.6901 22.96377 353.2495 333.0905 321.5526 16.1013 36.10414 263.9276 257.2756 291.5713 47.96094 36.41638 56.04094 115.0169 127.0107 81.63412 23.42869 14.03624 143.9726 134.0122 114.0442 90 40.03026 321.3402 270 234.4623 159.444 90 15.25512 301.7595 115.71 90.74406 61.1645 306.0604 301.6908 340.821 39.28941 80.21759 99.05789 101.3099 292.9887 331.1443 48.57634 66.03751 23.19859 15.9454 67.9321 92.95078 86.72952 8.130102 319.0856 337.6199 64.04662 46.75341 345.3322 336.9825 348.9174 26.86192 19.56378 4.460848 352.7631 13.64291 70.76933 82.78574 32.125
21.80141 74.74488 109.9574 104.5889 334.3119 343.7171 11.30993 350.6185 299.3205 7.835525 56.73857 18.43495 250.9588 249.7343 67.75098 84.03551 97.22432 82.07307 12.33909 358.6468 25.38791 57.99462 84.20721 87.1376 64.0256 1.005086 0.6160599 18.88609 45 236.3099 319.7636 15.46122 356.1859 355.8151 62.92792 70.31288 31.18497 311.6726 296.2883 11.30993 81.38435 109.6538 113.4047 270 286.8214 312.614 85.10091 89.19307 339.444 74.74488 99.71325 94.18491 21.80141 347.1957 334.2495 5.013114 82.13093 41.63354 318.4682 354.8056 24.44395 11.68937 13.24052 18.97041 10.30485 96.009 106.321 82.56859 340.292
60.9454 125.1342 109.5367 337.6938 312.7543 350.1342 69.58157 31.50427 281.0138 327.0115 61.21338 72.66676 243.9111 250.3777 198.435 70.01689 35.7274 22.65935 351.7328 356.7108 62.98734 54.58294 33.42481 38.06565 47.8624 313.3153 337.5206 37.76308 46.94149 351.8699 311.8202 358.6028 1.548158 12.99462 45 65.64699 11.30993 312.0892 281.3099 178.1524 120.9638 95.35583 73.73979 300.9637 292.3801 355.6013 86.82017 67.30621 15.9454 106.7826 98.1301 26.56505 339.9285 351.6071 350.2563 45 85.6013 305.5377 288.9832 56.00354 107.4027 161.565 164.9816 168.2317 173.1252 141.6048 98.97263 329.6567 322.0579
136.1458 139.3653 128.3456 292.225 294.2539 58.09189 68.96249 12.14428 298.1562 316.8779 73.57461 74.2358 306.7406 272.9415 284.9314 40.53284 3.17983 13.43819 3.077455 37.87498 64.14814 20.95578 29.31001 48.46823 38.4802 330.6422 326.5922 43.80651 45 25.25316 303.6901 344.7449 15.52411 41.63354 97.85331 102.2157 239.0362 274.5739 75.25644 326.3099 57.52881 58.32453 25.64101 315 306.2538 19.13364 63.74134 82.64762 122.2756 113.4047 85.46223 320.8067 324.9128 11.91515 61.55707 100.0975 63.01977 343.0245 288.869 115.2777 116.9802 141.2258 139.316 147.9074 190.3048 63.43495 6.225829 332.6126 348.2317
135.5617 65.32314 338.7284 303.6229 300.8157 40.51539 43.02507 17.70043 295.9534 290.556 93.47778 75.21728 329.5889 284.8935 277.5946 1.218875 348.6901 17.76485 21.91487 48.31778 37.56859 10.30485 45 43.19126 31.25095 358.6981 347.0054 33.40783 43.97697 45 321.1702 331.6992 20.85446 49.89909 89.38394 105.8025 223.2643 266.9872 350.5377 3.468229 45 55.49148 357.2737 313.3865 319.3432 18.00416 68.89516 74.35775 17.85032 32.95742 23.66314 315 308.13 69.96279 90 18.43495 12.42594 15.43965 32.47119 99.83356 64.90375 9.819301 18.9465 10.271 350.3112 354.1875 345.3643 337.0362 56.14289
338.4047 341.1198 345.2564 328.0552 325.4375 13.52316 33.40783 40.16958 295.0169 151.9275 104.7436 61.69925 321.4188 303.5788 298.3008 325.7843 329.0363 27.97948 39.98689 32.90524 15.75117 23.19859 35.31121 31.42957 43.15239 29.93151 358.8767 19.65382 41.93351 40.156 352.875 324.4623 120.9638 77.00539 73.61046 57.83561 336.9911 302.2288 322.386 5.063617 26.3233 7.989327 350.7539 328.8972 329.0363 64.23067 89.20428 33.69007 341.8962 32.14191 15.60395 326.3099 317.6026 83.77417 36.32682 340.8045 13.47782 47.8624 66.29736 76.60751 15.25512 350.1664 18.06047 2.489553 346.7335 354.9869 352.2348 1.218875 77.73523
295.9065 316.8476 347.1523 338.459 325.4077 7.853313 61.33604 54.29331 340.9423 91.27303 99.46232 310.0729 319.316 324.5601 318.6678 333.8247 320.7106 25.64101 23.02549 3.751729 15.54633 34.04594 39.93638 54.18884 56.61148 28.46516 7.125016 40.91438 92.17474 124.8753 157.4794 175.6955 212.6192 341.5651 25.44175 15.81408 359.6799 339.2278 324.1302 349.6952 5.389312 356.9059 352.6942 345.9637 8.392925 71.16157 74.67308 341.5651 315 57.26477 347.0822 346.6447 26.27421 61.47688 341.5651 334.8722 24.67686 38.71751 60.5498 80.21759 275.9061 315 13.17255 355.6013 342.5528 12.99462 45 75.96375 85.36454
246.3706 248.4986 285.2551 340.9744 326.482 41.42366 92.08257 33.69007 353.6598 82.78574 74.14807 298.4956 313.2101 323.1301 315.8303 357.2737 329.9314 353.9276 356.6335 351.4164 35.53768 52.82907 56.30993 54.09028 27.78393 12.72436 31.13897 87.03906 118.4127 135 144.4623 203.5523 267.337 297.8973 345.9637 4.467159 17.86486 14.03624 329.0363 329.7436 338.5523 339.8637 352.4762 11.88866 46.68468 55.95406 58.74905 1.005086 344.4759 0.881404 322.6404 9.605205 72.32389 48.50353 319.6987 333.9966 22.71441 53.47115 74.89043 64.74683 322.6668 328.0919 17.52557 29.0546 99.46232 135 161.565 135 94.76364
264.6107 270.7314 301.373 343.8108 339.7273 54.89392 61.69925 339.3625 26.11391 80.21759 35.13419 294.7343 316.2061 340.796 315 3.12213 354.0939 334.29 335.4099 355.2364 67.47943 63.69898 45 27.1598 15.4077 22.20348 74.67308 97.96378 95.19443 34.99202 24.9439 341.5651 299.8141 291.4677 304.1597 353.9276 42.8789 41.69814 338.4287 318.0128 327.6804 340.8664 5.710593 38.41806 45 46.24537 62.81889 30.6186 331.7984 341.5651 333.7413 43.56791 47.45403 10.6539 329.0363 331.46 32.31962 76.75948 75.22545 33.43987 349.9309 358.9584 51.84277 91.54816 132.0643 154.0935 175.6013 190.8403 81.02737
299.4759 292.1664 305.2176 343.664 4.289153 58.57043 28.64418 352.304 36.61675 71.19421 15.06849 290.2506 313.9488 355.3645 344.7449 348.3106 2.815557 341.5651 317.4896 45 69.53773 72.7185 90 116.565 125.5377 131.5318 113.7908 108.9789 0 355.9555 25.30138 358.6678 313.9949 292.5206 294.1455 343.3008 63.97041 56.30993 358.0251 294.6768 294.2278 327.8043 4.635463 41.82017 32.90524 31.75948 54.80609 14.03624 328.8847 342.1981 0 15.16446 17.32792 9.688787 359.3415 349.2157 83.41805 91.61354 65.39487 19.79888 20.48036 32.90524 42.06433 71.56505 99.68879 124.0459 270 300.6186 14.03624
300.1497 288.7999 298.1683 347.3474 59.82648 61.22019 6.499346 357.4552 57.21572 77.19573 23.19859 277.6434 289.708 2.045408 13.17255 340.56 19.79888 14.03624 302.4712 79.99202 100.3048 108.1302 121.3287 140.7928 142.0379 139.2589 113.725 64.98311 330.6422 351.1582 33.69007 16.03234 334.5731 292.0113 253.6105 214.6952 81.8699 47.04541 12.99462 319.5739 282.5288 287.354 335.556 35.53768 34.28688 32.47119 49.23639 3.715289 321.0542 332.418 357.1376 13.09189 25.97439 25.55997 31.55139 45 92.07003 86.93352 38.65981 29.64986 48.06649 47.5448 53.97263 60.9454 44.26548 6.766175 350.6901 337.9638 358.0251
288.1992 276.3842 281.1429 49.3987 88.91908 67.61987 337.6199 17.35402 85.91438 90.72523 97.12502 266.4552 265.2666 330.9454 32.47119 344.0546 34.2157 26.56505 355.6013 108.435 110.1576 83.36749 52.69605 54.58294 71.93953 97.06673 75.06858 341.8163 346.2319 11.61149 62.4027 43.66778 337.4794 340.641 304.5625 328.5704 10.00798 7.650651 10.37584 355.3141 334.359 317.8624 324.1624 29.74488 34.69515 29.24883 38.21103 5.440332 306.6743 311.0995 343.6105 16.07357 33.48617 38.29016 47.48955 57.80427 64.53665 40.16958 14.03624 33.19757 39.12261 38.85337 45 33.48617 15.06849 358.6881 6.679886 14.65675 349.1597
253.951 246.584 237.6193 196.3895 72.40758 30.37913 327.5288 25.90651 74.61481 76.96884 62.52557 256.4922 251.565 236.3099 8.130102 331.6992 55.61966 13.3925 52.12502 84.40066 50.31454 14.32272 27.68106 43.51854 55.71312 74.0546 339.444 300.9637 67.10945 104.0362 79.01935 55.17551 352.875 295.0169 296.5651 324.8193 357.8253 0.6902772 7.045769 3.144958 349.2157 342.0721 340.8664 7.815293 21.9487 21.54098 28.39302 25.70995 308.0888 291.4477 322.125 13.24052 46.43209 55.84031 55.30485 50.94686 39.38242 18.43495 26.56505 43.31532 26.28826 24.29096 30.40343 29.47589 8.130102 348.6901 36.57303 43.75463 345.2564
95.01311 231.0885 235.1247 232.2061 104.0362 30.96376 315 135 93.6745 68.36434 49.61992 275.4403 251.3843 246.2092 286.6992 45 104.0362 288.4349 30.25644 26.17529 13.32453 8.880659 40.98582 54.0665 63.57573 74.98164 315 280.5816 55.84031 16.55707 30.96376 45.89517 48.94519 294.444 278.7462 288.4349 343.6105 347.3474 357.5104 10.0975 350.6764 351.3843 349.3302 355.486 15.75117 23.00887 29.32048 36.32682 343.8866 296.1469 315 11.30993 52.59464 59.93142 54.24611 46.36393 45 15.46122 41.98721 51.80905 15.57254 22.45694 42.82526 48.62148 16.18921 346.5043 57.65256 45 357.5104
105.4222 248.6294 260.5031 262.9167 281.3099 39.80557 102.5288 126.8699 123.4399 78.25436 57.72435 352.9716 280.7131 267.7094 272.7263 33.69007 50.71059 315 309.8056 8.746162 53.74616 90 105.4612 94.3987 83.33334 77.75767 344.9315 301.2777 11.08257 10.6539 45.79572 72.23515 59.47029 323.3659 295.1148 272.7263 270 299.3578 332.7447 10.84031 347.5741 349.3803 346.373 350.6764 15.52411 21.42529 19.20397 27.01266 14.80838 328.5704 273.8141 315 45 57.09476 45 41.09951 56.30993 23.19859 53.61565 55.38886 25.55997 33.31063 43.97697 40.96229 18.79988 10.98065 42.99045 17.98734 7.305759
17.24146 337.5573 301.2509 294.8205 330.124 12.26477 56.09372 66.61478 50.71059 73.52312 71.16157 338.9625 313.8656 297.1497 261.8699 288.4349 70.46335 101.3099 231.7098 183.0128 120.2564 130.6013 140.5275 132.2409 116.3505 79.8622 4.537773 288.4349 345.6507 47.60256 76.39027 80.15417 47.2026 307.875 295.9744 283.2986 305.5377 321.8428 338.7026 353.2902 354.0355 355.2364 340.56 334.0935 4.398705 11.02346 11.30993 22.65935 35.16644 45 309.2894 315 37.40536 58.13402 40.10091 43.66778 56.51383 45 64.29005 69.67686 59.47029 20.77225 24.27444 42.31622 27.47443 20.15761 24.9439 14.34933 14.38139
340.9892 348.0362 324.7938 317.8064 343.2173 13.7816 55.7389 57.0306 39.68546 77.09259 82.11686 294.2539 306.0694 335.556 277.696 261.0274 102.3808 132.2737 186.3402 183.0128 142.8533 131.6335 136.5482 132.546 111.3706 48.01279 13.44862 309.447 326.0035 49.23639 53.97263 59.45243 45 303.6901 310.7108 311.2483 313.5121 331.6208 348.147 353.0888 15.46122 19.53666 339.2278 324.1624 340.2011 354.2072 7.733598 23.83874 40.23636 38.73651 1.548158 351.5289 40.42608 52.12502 54.46232 74.53878 75.73549 57.33909 51.11551 59.82648 49.76364 3.17983 30.37913 52.12502 23.68209 17.488 21.80141 19.69862 9.782407
318.7861 349.9393 322.8291 322.5238 1.735705 68.96249 77.57406 59.03624 76.89079 102.3005 119.7449 282.8043 299.9315 34.99202 169.6952 177.0643 154.7989 146.7125 175.1009 181.9415 165.2032 140.553 129.3824 116.565 352.875 8.392925 6.632514 332.9494 344.2488 33.87081 39.14399 53.86462 55.61966 318.6914 305.1061 325.3889 334.1989 345.4998 2.726311 5.355825 31.29304 31.86598 334.9831 315 312.8789 326.7683 4.635463 30.6186 45.8814 44.22578 34.15969 53.53077 83.65981 71.56505 66.80141 72.25533 66.80141 52.59464 41.30861 33.40783 28.88658 14.30028 26.02959 25.25316 14.93142 16.07357 16.92751 15.9454 5.774326
334.3119 11.56013 323.3257 312.2737 84.80557 93.57633 73.44293 92.35329 109.3119 102.2251 316.7899 292.1412 313.8309 65.55605 114.444 150.9454 154.7989 125.8377 93.01279 138.8141 149.0362 137.9108 142.125 256.6075 307.5686 343.8108 338.5523 328.2405 351.2094 19.0751 23.87528 47.21965 55.00798 348.6901 297.5973 314.5965 344.4759 3.12213 20.55605 10.00798 29.19749 32.34744 352.2348 328.3925 290.2249 255.2564 194.0362 111.3706 95.38931 80.53768 73.81079 76.26373 59.93142 33.11134 32.90524 41.00909 38.15723 41.18592 43.15239 45 49.3987 28.7398 18.43495 17.02052 22.61987 8.426969 2.419509 13.52316 18.43495
1.84761 28.1416 358.2643 12.72436 53.1301 25.90651 85.85538 120.0049 133.7546 59.74356 322.2143 301.4091 312.5104 96.66666 91.50744 17.78389 9.566686 19.35899 11.30993 13.20109 44.13195 57.17146 351.6071 331.3482 346.7595 347.8286 335.487 337.8336 354.8056 11.30993 19.5108 49.26789 59.42077 15.70864 277.1992 275.0721 313.2643 22.01128 31.82745 9.605205 20.22486 23.49857 10.00798 0.881404 0 351.2538 35.53768 101.3099 95.71059 59.53445 50.71059 41.69814 11.68937 8.673174 20.89777 27.80146 34.79603 52.12502 65.72556 77.90524 70.01689 22.38013 354.8056 11.76829 14.26451 355.9717 5.355825 29.47589 49.63546
32.00538 34.87533 14.23728 31.26373 29.74488 76.75948 110.1126 109.8984 73.61046 315.8814 318.252 322.6668 123.0239 128.0657 142.125 324.4623 8.130102 25.44175 1.145763 12.01148 55.53918 34.77783 330.5546 337.8336 1.613539 351.1354 322.3524 338.9625 4.707852 11.02346 31.39946 62.03016 67.73942 47.8624 276.259 270.9496 290.2249 6.632514 21.29735 5.792797 8.746162 18.04782 22.71441 9.211026 10.98065 15.9454 19.98311 45 45 38.15723 48.27049 32.47119 7.431408 12.99462 27.80146 34.56252 47.8624 61.22019 65.32314 57.09476 29.47589 358.1524 333.4349 0 359.1449 357.5104 35.07375 50.35582 71.56505
32.61924 67.38013 124.5085 151.631 168.4763 146.7386 106.6543 33.69007 357.4142 333.6495 308.2338 106.3895 121.6755 127.3039 291.0375 299.2488 9.727578 19.8407 5.980599 45.93919 70.9249 36.46923 293.7136 307.5042 6.340192 354.2894 325.8641 348.9174 22.61987 14.74356 41.69814 65.49259 71.38983 54.9638 294.0755 288.8182 307.2782 348.6901 15.57254 8.130102 6.581944 19.65382 32.00538 19.53666 13.57043 21.80141 18.43495 33.69007 47.38594 62.24146 38.65981 7.125016 8.130102 23.68209 47.663 60.25512 66.16126 71.56505 71.131 51.70984 10.61966 350.5377 325.3048 343.7398 350.7067 17.65012 58.70696 69.44395 85.6013
18.43495 92.12109 114.1714 141.2034 284.7436 20.37643 23.07822 8.447527 22.96377 336.4477 285.2551 114.2277 75.96375 350.4333 322.3524 311.7845 23.45902 12.38076 38.4802 76.09731 68.31771 50.5722 272.663 271.8183 324.6052 344.876 341.8008 5.389312 25.78733 18.869 26.27421 43.94882 57.89375 53.05441 287.0378 274.7079 284.9816 323.7462 16.69924 10.40771 6.581944 12.09476 19.39781 18.85316 22.98872 40.36454 35.90972 51.70984 65.55605 59.38139 355.3645 346.2637 15.25512 43.40886 71.56505 84.80557 93.99091 89.02898 68.70264 33.40783 7.815293 353.6598 327.3391 325.1755 353.6598 36.02737 59.93142 77.47119 88.31532
