slides/data/aspect100m_cl.txt
ncols         169
nrows         382
xllcorner     813515.0021541
yllcorner     1119250.21741
cellsize      100
NODATA_value  -9999
[rows 0 to 29 of 382, columns 69 to 137 of 169]
-9999 -9999 -9999 -9999 -9999 -9999 -9999 -9999 -9999 -9999 -9999 -9999 -9999 -9999 -9999 -9999 -9999 -9999 -9999 -9999 -9999 -9999 -9999 -9999 -9999 -9999 -9999 -9999 -9999 -9999 -9999 -9999 -9999 -9999 -9999 -9999 -9999 -9999 -9999 -9999 -9999 -9999 -9999 -9999 -9999 -9999 -9999 -9999 -9999 -9999 -9999 -9999 -9999 -9999 -9999 -9999 -9999 -9999 -9999 -9999 -9999 -9999 -9999 -9999 -9999 -9999 -9999 -9999 -9999
-9999 -9999 -9999 -9999 -9999 -9999 -9999 -9999 -9999 -9999 -9999 -9999 -9999 -9999 -9999 -9999 -9999 90 66.80141 71.56505 63.43495 135 239.0362 155.556 97.43141 77.00539 341.5651 315 300.9637 225 125.5377 -9999 -9999 -9999 -9999 -9999 -9999 -9999 -9999 -9999 -9999 -9999 -9999 -9999 -9999 -9999 -9999 -9999 -9999 -9999 -9999 -9999 -9999 -9999 -9999 -9999 -9999 -9999 -9999 -9999 -9999 -9999 -9999 -9999 -9999 -9999 -9999 -9999 -9999
-9999 -9999 -9999 -9999 -9999 -9999 -9999 -9999 -9999 -9999 -9999 -9999 -9999 -9999 -9999 -9999 94.08562 92.72631 104.0362 99.46232 90 351.8699 351.8699 111.0375 109.6538 120.0686 212.4712 254.7449 161.565 161.565 157.249 160.56 129.6442 112.3801 45 14.03624 36.8699 18.43495 291.8014 -9999 -9999 -9999 -9999 -9999 -9999 -9999 -9999 -9999 -9999 -9999 -9999 -9999 -9999 -9999 -9999 -9999 -9999 -9999 -9999 -9999 -9999 -9999 -9999 -9999 -9999 -9999 -9999 -9999 -9999
-9999 -9999 -9999 -9999 -9999 -9999 -9999 -9999 -9999 -9999 -9999 -9999 -9999 -9999 -9999 -9999 137.3859 135 158.7495 165.9638 174.8056 244.44 33.69007 103.2405 130.2364 135 197.2415 208.0725 157.6199 163.6105 156.2505 149.9314 114.444 50.19443 338.1986 0 18.43495 14.03624 348.6901 334.7989 342.4076 344.9816 341.5651 58.49574 57.09476 31.42957 343.8108 322.4314 -9999 -9999 -9999 -9999 -9999 -9999 -9999 -9999 -9999 -9999 -9999 -9999 -9999 -9999 -9999 -9999 -9999 -9999 -9999 -9999 -9999
-9999 -9999 -9999 -9999 -9999 -9999 -9999 -9999 -9999 -9999 -9999 -9999 -9999 -9999 -9999 -9999 157.1095 145.1755 157.3801 176.0091 186.3402 228.0941 188.1301 112.6199 128.6598 135 201.0375 192.9946 156.3706 196.3895 315 29.0546 34.38034 344.0546 329.0363 355.0303 12.17146 8.972627 354.4725 347.5741 353.047 5.710593 30.96376 48.57634 45 29.0546 6.709837 341.5651 188.1301 192.9946 205.0169 173.6598 156.8014 189.4623 108.435 42.1376 -9999 -9999 -9999 -9999 -9999 -9999 -9999 -9999 -9999 -9999 -9999 -9999 -9999
-9999 -9999 -9999 -9999 -9999 -9999 -9999 -9999 -9999 -9999 -9999 -9999 -9999 -9999 -9999 -9999 127.4054 104.9314 96.34019 225 261.8699 239.7436 194.0362 124.6952 114.1455 108.435 45 125.5377 125.5377 275.7106 298.3008 3.814075 15.75117 342.5528 317.7263 341.5651 11.30993 7.431408 340.3462 347.9052 38.29016 64.98311 90 117.8973 124.992 94.3987 62.10273 82.87498 180 135 186.3402 183.0128 160.2011 180 173.1572 194.0362 315 21.03751 0 119.0546 125.5377 135 144.4623 184.3987 -9999 -9999 -9999 -9999 -9999
-9999 -9999 -9999 -9999 -9999 -9999 -9999 -9999 -9999 -9999 -9999 -9999 -9999 -9999 -9999 171.0274 161.565 41.63354 29.74488 15.25512 0 213.6901 168.6901 132.5105 111.0375 341.5651 104.0362 90 341.5651 311.0548 315 346.3287 14.03624 12.09476 348.6901 198.435 210.9638 153.435 191.3099 188.1301 145.6197 113.9625 122.9052 125.1342 141.009 176.9872 135 61.69925 0 36.8699 83.65981 135 135 186.3402 204.444 251.565 286.6992 3.366461 74.74488 113.6294 139.0856 180 108.435 116.565 204.444 219.2894 153.435 126.8699 190.3048
-9999 -9999 -9999 -9999 -9999 -9999 -9999 -9999 -9999 -9999 -9999 -9999 -9999 -9999 -9999 59.03624 270 108.435 85.6013 52.12502 51.34019 45 93.81407 102.5288 161.565 135 135 326.3099 335.3232 318.3665 309.5597 270 128.6598 110.556 111.8014 191.3099 180 150.2551 159.444 180 180 139.3987 115.56 102.2648 63.43495 14.03624 8.130102 71.56505 135 154.44 161.565 135 64.98311 348.6901 311.9872 326.9761 334.9831 15.9454 63.43495 64.65382 45 11.30993 341.5651 15.9454 26.56505 281.3099 288.4349 59.03624 24.44395
-9999 -9999 -9999 -9999 -9999 -9999 -9999 -9999 -9999 -9999 -9999 -9999 -9999 -9999 -9999 39.28941 135 161.565 135 0 12.99462 17.24146 34.69515 37.23483 35.53768 74.74488 310.6013 311.4237 332.7447 319.3987 198.435 169.992 171.8699 65.55605 74.0546 135 146.3099 125.5377 119.0546 143.1301 225 348.6901 53.97263 48.36646 16.38954 355.6013 12.99462 77.90524 111.3706 123.6901 123.6901 171.8699 168.6901 225 285.9454 304.2869 5.710593 77.47119 53.53077 46.68468 30.46555 5.194429 4.398705 11.30993 14.74356 350.5377 3.814075 37.87498 5.194429
-9999 -9999 -9999 -9999 -9999 -9999 -9999 -9999 -9999 -9999 -9999 -9999 -9999 -9999 -9999 158.1986 54.46232 347.4712 337.8336 355.6013 5.710593 45 48.81408 48.17983 67.83366 52.12502 296.5651 289.359 296.5651 108.435 101.3099 333.4349 315 5.52754 34.50852 38.29016 53.1301 81.8699 102.9946 120.9638 290.556 320.1944 74.35775 96.84277 206.565 293.1986 40.23636 62.81889 35.53768 3.814075 36.46923 49.76364 306.8699 329.0363 291.6148 289.179 63.43495 36.25384 34.38034 77.00539 81.8699 63.43495 95.19443 116.565 198.435 285.2551 14.03624 27.89727 9.462322
-9999 -9999 -9999 -9999 -9999 -9999 -9999 -9999 -9999 -9999 -9999 -9999 -9999 -9999 325.7843 348.0239 3.366461 351.2538 338.1986 123.6901 161.565 80.53768 60.25512 73.30076 86.82017 104.0362 254.0546 247.249 231.3402 116.565 108.435 288.4349 270 239.0362 66.03751 73.81079 102.5288 143.1301 99.46232 0 278.9726 225 110.556 115.821 205.0169 225 161.565 73.61046 26.56505 27.64598 60.52411 41.42366 335.556 322.125 298.1416 285.7512 30.06858 45 105.9454 107.5256 86.18593 84.80557 105.2551 90 -1 272.4896 333.4349 71.56505 71.56505
-9999 -9999 -9999 -9999 -9999 -9999 -9999 -9999 -9999 -9999 -9999 -9999 -9999 -9999 337.1664 353.1572 25.01689 45 105.2551 126.8699 251.565 8.130102 36.25384 33.69007 39.95755 36.57303 278.1301 237.2648 218.6598 160.2011 180 225 207.8973 181.9749 175.9144 110.7723 90 26.56505 45 351.8699 270 165.9638 104.0362 99.16235 225 200.556 177.7094 198.435 153.435 50.71059 25.70995 12.99462 351.8699 319.7636 298.3008 261.2538 180 115.821 112.5206 114.444 59.03624 35.53768 26.56505 40.6013 23.19859 266.9872 192.9946 126.4692 201.8014
-9999 -9999 -9999 -9999 -9999 -9999 -9999 -9999 -9999 -9999 -9999 -9999 -9999 -9999 336.8014 90 66.80141 57.52881 59.03624 24.44395 329.0363 347.4712 40.6013 23.19859 17.35402 36.67435 29.57784 315 182.7263 158.7495 186.7098 230.9061 225 127.875 192.9946 124.6952 74.0546 0 37.87498 0 348.6901 111.8014 105.9454 98.1301 206.565 161.565 147.5288 210.0686 220.6013 310.6013 343.0725 2.56377 3.366461 354.4007 345.4655 135 160.4633 147.8043 96.70984 93.01279 165.9638 225 9.462322 56.88866 80.53768 206.565 171.0274 129.8056 293.9625
-9999 -9999 -9999 -9999 -9999 -9999 -9999 -9999 -9999 -9999 -9999 -9999 -9999 -9999 135 153.435 90 71.56505 68.96249 33.69007 294.444 135 122.9052 174.8056 195.2551 81.02737 35.90972 35.13419 83.15723 119.7449 184.3987 225 213.3106 177.2737 180 149.0362 144.4623 198.435 114.444 156.8014 183.3665 129.8056 95.19443 71.56505 355.6013 356.6335 37.87498 353.6598 284.0363 296.0296 316.7899 353.6598 8.530766 19.35899 23.74949 67.83366 87.70939 -1 80.53768 75.96375 56.30993 261.8699 246.8014 82.56859 60.9454 0 0 16.38954 284.0363
-9999 -9999 -9999 -9999 -9999 -9999 -9999 -9999 -9999 -9999 -9999 -9999 -9999 -9999 113.1986 153.435 180 150.9454 114.444 135 201.8014 145.008 145.008 176.6335 172.5686 198.435 322.125 56.68937 80.53768 110.556 150.9454 192.2648 215.8376 229.9697 225 111.8014 155.556 192.9946 130.2364 130.9144 186.3402 163.6105 122.4712 18.43495 349.5085 357.8789 28.30076 17.10273 308.991 277.8153 273.8141 191.3099 158.1986 108.435 66.80141 69.44395 53.1301 0 59.03624 68.96249 71.56505 168.6901 206.565 120.9638 68.96249 338.9625 331.2602 18.43495 21.80141
-9999 -9999 -9999 -9999 -9999 -9999 -9999 -9999 -9999 -9999 -9999 -9999 -9999 119.0546 81.8699 66.80141 330.9454 351.0274 25.55997 20.22486 26.56505 66.03751 63.43495 111.8014 144.4623 232.125 246.2505 90 74.74488 56.88866 24.44395 61.69925 247.6199 254.7449 254.7449 90 116.565 184.3987 153.435 68.96249 83.65981 155.556 180 270 309.8056 37.87498 81.8699 66.80141 285.2551 255.2564 220.2364 178.0251 177.5105 167.4712 151.6992 99.46232 64.98311 68.19859 106.3895 115.56 95.19443 95.19443 180 191.3099 116.565 278.1301 290.2249 11.97613 28.1416
-9999 -9999 -9999 -9999 -9999 -9999 -9999 -9999 -9999 -9999 -9999 -9999 -9999 191.3099 216.8699 354.8056 329.0363 343.3008 30.06858 45 83.65981 104.0362 98.1301 96.34019 102.9946 229.7636 217.2348 167.4712 61.92751 34.38034 0 17.74467 29.74488 249.444 230.1944 114.444 86.63354 126.8699 192.9946 153.435 115.0169 108.435 288.4349 270 251.565 108.435 86.18593 11.30993 315 291.3706 243.435 195.2551 191.3099 158.9625 161.565 137.7263 152.6501 149.4703 138.0128 164.3578 188.1301 98.97263 140.1944 206.565 164.7449 225 252.9795 278.9726 53.1301
-9999 -9999 -9999 -9999 -9999 -9999 -9999 -9999 -9999 -9999 -9999 -9999 -9999 265.6013 264.2894 288.4349 296.5651 315 35.53768 71.56505 99.46232 138.8141 139.3987 119.7449 105.9454 180 225 214.6952 147.5288 81.8699 336.8014 11.30993 41.90594 347.4712 309.2894 78.69007 106.6992 122.0054 195.2551 161.565 120.9638 135 288.4349 225 212.0054 225 56.30993 90 243.435 274.3987 0 345.9637 0 102.9946 135 133.0251 148.2405 150.9454 143.6156 181.5482 200.3764 153.435 68.19859 315 348.6901 270 258.2317 251.565 102.5288
-9999 -9999 -9999 -9999 -9999 -9999 -9999 -9999 -9999 -9999 -9999 -9999 -9999 15.9454 198.435 217.2348 254.3578 335.556 36.8699 70.01689 79.99202 104.0362 147.9946 158.1986 83.65981 63.43495 248.1986 183.3665 172.5686 171.8699 178.0251 195.2551 126.8699 331.5044 351.8699 65.13631 113.1986 135 278.1301 63.43495 108.435 186.3402 213.6901 174.8056 265.6013 282.5288 111.8014 135 227.4895 260.7539 324.4623 0 21.80141 97.59464 131.3086 138.2705 135 123.6901 101.3099 45 291.0375 330.9454 357.2737 353.1572 354.8056 1.909152 331.6992 261.0274 159.444
-9999 -9999 -9999 -9999 -9999 -9999 -9999 -9999 -9999 -9999 -9999 -9999 17.10273 71.56505 110.2249 245.556 262.2348 246.8014 122.4712 147.5288 104.8586 98.61565 114.444 261.8699 0 55.30485 0 101.3099 0 90 118.3008 225 265.6013 296.9657 15.52411 85.17924 105.2551 161.565 208.3008 154.6538 143.5308 182.4895 212.9052 265.6013 297.646 180 125.2176 135 268.2643 267.614 251.565 161.565 130.2364 113.8387 110.0952 107.1027 110.556 101.3099 32.47119 334.0256 326.8887 346.8908 355.4622 353.2338 353.8845 1.080924 30.46555 71.56505 156.8014
-9999 -9999 -9999 -9999 -9999 -9999 -9999 -9999 -9999 -9999 -9999 -9999 66.80141 90 81.8699 295.56 266.6335 196.3895 112.6199 116.565 111.0375 104.5345 99.46232 225 176.6335 144.4623 188.1301 293.1986 5.194429 68.96249 32.47119 337.6199 295.56 291.541 49.3987 74.21925 36.38435 11.88866 37.40536 113.1986 135 201.0375 246.0375 253.0725 217.4053 146.7683 128.1572 270 287.4472 264.4725 217.4053 176.6335 129.5597 103.5704 37.23483 25.01689 36.11934 71.56505 198.435 283.134 303.9063 0 2.489553 0 101.3099 198.435 71.56505 39.80557 20.77225
-9999 -9999 -9999 -9999 -9999 -9999 -9999 -9999 -9999 -9999 -9999 -9999 128.991 116.565 341.5651 293.9625 206.565 188.7462 225 71.56505 99.09028 135 165.9638 170.5377 153.435 170.5377 288.4349 290.556 90 108.435 270 320.7106 303.4399 285.4221 30.96376 54.90418 42.337 23.19859 67.47943 90 102.9946 281.3099 251.565 202.6199 183.0128 160.3462 116.565 306.573 315 341.5651 327.9946 9.462322 80.83765 85.6013 330.9454 5.52754 31.6075 43.85424 347.8286 305.2724 310.0303 45 53.1301 90 108.435 245.556 8.130102 18.43495 6.632514
-9999 -9999 -9999 -9999 -9999 -9999 -9999 -9999 -9999 -9999 -9999 -9999 141.2034 161.565 345.2564 108.435 145.3048 171.5289 202.9638 149.3493 126.2538 153.435 237.0948 0 9.462322 334.9831 351.5289 11.30993 80.53768 55.30485 312.3974 311.0091 316.273 312.1376 297.646 76.1593 100.008 167.0054 116.565 54.86581 4.184916 346.8275 355.0303 2.489553 5.440332 3.366461 348.6901 297.0721 306.1194 6.842773 347.4712 82.87498 109.29 161.565 293.1986 325.6197 30.37913 36.52885 346.1593 307.4762 297.646 75.25644 49.76364 66.80141 59.03624 315 329.0363 7.125016 352.5686
-9999 -9999 -9999 -9999 -9999 -9999 -9999 -9999 -9999 -9999 -9999 99.78241 4.085617 331.8584 61.69925 130.1009 150.9454 158.3556 189.1179 175.9717 126.8699 12.52881 302.4712 315 334.7989 323.7462 12.99462 57.52881 50.19443 30.96376 292.751 287.354 295.56 153.435 237.2648 107.049 98.2858 135 101.3099 341.5651 347.9052 354.2894 352.4054 359.1449 9.323592 9.462322 15.25512 293.1986 229.9697 171.3844 190.4915 128.6598 120.1735 221.1859 271.4688 303.6901 68.19859 53.74616 321.7098 281.3099 176.6335 157.3801 150.9454 122.4712 336.8014 326.3099 357.8789 350.5377 348.6901
-9999 -9999 -9999 -9999 -9999 -9999 -9999 -9999 -9999 -9999 -9999 42.70939 341.5651 330.9454 79.04594 95.19443 114.444 114.1455 225 292.751 327.8043 357.2737 0 343.6105 333.4349 299.7449 45 54.46232 10.17551 14.03624 317.0454 277.5238 195.9454 186.3402 205.0169 112.0679 92.48956 37.40536 33.69007 265.9144 272.2906 321.3402 336.4477 0 3.652223 359.2152 20.09523 30.17352 139.0856 170.7539 189.4623 149.8265 129.6442 225 253.4956 246.8014 105.9454 135 284.0363 270 126.8699 149.7436 168.6901 190.3048 241.3895 217.875 177.5105 249.7751 323.1301
-9999 -9999 -9999 -9999 -9999 -9999 -9999 -9999 -9999 -9999 -9999 36.8699 335.556 311.6335 67.61987 66.61478 50.19443 53.42697 330.9454 294.2744 296.5651 354.4725 47.8624 98.1301 194.0362 233.5308 155.556 18.43495 348.2317 2.419509 344.4072 346.1593 66.80141 168.1113 171.8699 121.3287 65.85446 42.51045 48.81408 258.6901 261.0274 294.2744 329.0363 358.4089 350.5377 353.211 32.15229 54.46232 55.43748 41.63354 114.444 139.5739 139.3987 244.179 270 288.4349 84.28941 147.5288 204.7751 180 147.8043 138.3665 152.1027 201.3706 218.1572 185.1944 183.1798 231.7098 242.354
-9999 -9999 -9999 -9999 -9999 -9999 -9999 -9999 -9999 -9999 -9999 45 0 245.556 99.63754 78.34071 79.11447 102.3808 243.435 276.9112 280.9541 121.7595 138.1798 161.565 203.1986 239.7436 172.875 221.6335 258.0239 311.0548 333.9704 91.39718 122.1957 165.9638 280.6197 0 17.04903 43.75463 80.75389 225 279.4623 291.0375 310.6013 343.951 351.2538 22.01128 72.75854 75.78415 60.75117 22.0679 14.74356 22.79652 27.34988 321.7098 284.2645 273.3665 94.3987 120.9638 177.1376 182.4895 188.1301 315 28.61046 353.6598 306.4692 340.4633 356.0091 315 270
-9999 -9999 -9999 -9999 -9999 -9999 -9999 -9999 -9999 -9999 358.1524 41.72951 63.43495 138.9452 144.4623 117.0721 106.9908 115.9065 267.8789 276.953 285.9454 68.19859 66.44774 351.2538 339.2278 315 98.1301 246.8014 270 274.5739 151.2602 129.9759 139.5378 284.0363 309.6678 353.2902 47.60256 77.22876 90.80693 284.9314 292.3801 297.4287 299.5779 325.7131 41.82017 105.2551 115.9065 115.71 90 45 331.3895 12.52881 27.18111 358.9949 302.4712 207.8973 130.2364 115.0169 158.1986 249.444 294.7751 309.5597 12.99462 5.52754 319.9697 312.3974 347.7352 0 180
-9999 -9999 -9999 -9999 -9999 -9999 -9999 -9999 -9999 -9999 180.971 154.179 143.9726 126.6743 146.9761 141.2034 119.7449 68.19859 299.9315 277.3058 271.9749 34.69515 41.00909 8.130102 331.6992 18.43495 53.1301 309.2894 293.1986 233.7462 132.0391 108.435 358.5312 298.6105 254.7449 184.3987 113.1986 95.44033 87.51044 293.4287 294.7751 306.3268 293.6294 184.3987 135 118.6105 92.8624 105.2551 18.43495 36.46923 299.0546 302.4712 77.00539 99.78241 156.2505 174.2894 157.9321 107.1027 333.4349 329.6973 346.7989 355.2364 12.26477 16.38954 315 286.6992 168.6901 153.435 93.81407
-9999 -9999 -9999 -9999 -9999 -9999 -9999 -9999 -9999 -9999 166.2184 186.3402 181.6366 88.36343 69.44395 43.02507 29.62375 354.0939 327.2251 323.8204 306.6743 330.2551 39.50768 48.17983 326.3099 11.97613 1.468801 327.0948 254.7449 149.0362 129.6107 324.4623 332.5256 347.6609 315 296.5651 92.38594 98.32565 93.36646 273.9182 278.8806 302.1523 320.4403 117.1811 111.0375 352.304 44.21518 29.16761 346.4296 21.42529 8.746162 356.9872 84.55967 87.27369 105.9454 146.3099 169.992 295.0169 308.3456 321.3402 9.605205 41.42366 6.340192 358.6028 1.548158 347.0054 119.0546 194.0362 -1
