slides/data/aspect100m_cl.txt
ncols         169
nrows         382
xllcorner     813515.0021541
yllcorner     1119250.21741
cellsize      100
NODATA_value  -9999
[rows 300 to 329 of 382, columns 0 to 68 of 169]
-9999 -9999 -9999 -9999 -9999 -9999 -9999 -9999 -9999 -9999 -9999 -9999 -9999 -9999 -9999 272.6026 274.0856 288.9704 323.8204 356.9225 346.7989 313.9949 287.387 273.4336 268.0251 278.1301 289.3232 287.8649 295.2532 332.1759 0.5456576 7.721826 351.2926 338.8242 336.2505 334.3845 20.9245 34.87533 38.07888 21.9487 12.30054 24.49048 22.64482 4.679259 349.5742 10.05434 40.12861 31.03085 8.104716 5.853853 9.517291 36.61131 76.00524 83.85337 77.00539 40.91438 305.1061 303.6901 306.573 307.7468 350.2176 7.125016 12.65256 4.484606 31.86598 65.05609 71.36188 62.2815 49.08562
-9999 -9999 -9999 -9999 -9999 -9999 -9999 -9999 -9999 -9999 -9999 -9999 -9999 -9999 -9999 265.6013 256.4296 273.5763 292.3194 341.1469 355.684 341.2001 312.3974 295.0963 288.0605 292.5206 292.5206 279.9506 273.1221 287.9691 330.0685 1.636577 352.2553 341.2883 349.2869 353.1076 7.943472 20.11963 21.14953 11.88866 19.63783 32.16118 27.8793 14.43206 356.6637 357.3736 23.99321 15.48615 0.5288691 20.32985 55.48535 87.63863 97.30576 83.42614 62.28918 36.34746 313.3153 293.5523 295.1448 289.6538 314.1048 9.039483 21.46765 348.2544 33.11134 63.43495 61.29405 51.64528 46.38036
-9999 -9999 -9999 -9999 -9999 -9999 -9999 -9999 -9999 -9999 -9999 -9999 -9999 -9999 281.8215 302.7995 321.4831 297.646 293.1986 311.6981 343.2173 344.3578 326.482 317.2605 311.1432 315 313.3634 296.2883 276.4698 273.9647 289.3978 328.7363 340.3879 339.121 354.4725 0.6437457 358.2285 12.30802 8.392925 0.4006633 18.23249 29.14807 30.12432 24.22775 12.77873 350.9524 354.2894 1.005086 2.143761 58.50875 84.5719 93.40933 89.03551 70.46335 62.42544 52.87394 329.0363 299.9315 306.2538 288.7999 291.6951 7.125016 22.10945 334.0256 38.41806 65.71687 59.93142 53.58362 47.57336
-9999 -9999 -9999 -9999 -9999 -9999 -9999 -9999 -9999 -9999 -9999 -9999 -9999 -9999 294.5672 290.0561 305.1807 299.5115 299.2488 306.8699 311.4237 323.5308 318.1221 308.2902 302.4712 311.3322 321.1702 323.3659 309.2072 292.6199 287.5603 294.1455 307.0565 319.5739 350.2724 358.5679 350.7539 10.58164 357.8789 349.5085 11.44934 23.57954 29.14807 28.79098 24.73951 358.3252 331.2797 344.1161 46.56936 92.61168 95.68009 90.55897 71.56505 58.31363 65.28256 53.61565 344.8459 329.3814 339.444 301.2005 283.6429 340.821 14.47029 325.8855 35.98068 65.51332 63.93534 62.10273 60.06849
-9999 -9999 -9999 -9999 -9999 -9999 -9999 -9999 -9999 -9999 -9999 -9999 -9999 -9999 328.5359 305.5377 285.8324 274.808 273.145 277.696 288.4349 305.5377 313.9584 305.8376 294.1791 295.6022 307.875 318.8141 315.8814 306.511 304.3302 315 318.1798 313.0909 338.0704 349.5484 350.9285 6.033253 351.3572 343.2173 6.911227 21.19406 25.37432 25.80693 27.57014 10.85249 350.2176 97.81529 128.491 105.0312 96.56569 81.70682 57.56744 55.17551 63.65789 39.90789 344.2281 338.5654 355.5328 346.6607 304.2711 333.9046 11.51383 343.1786 51.11551 81.54108 78.33122 65.55605 54.56668
-9999 -9999 -9999 -9999 -9999 -9999 -9999 -9999 -9999 -9999 -9999 -9999 -9999 -9999 331.46 327.0948 298.8108 260.9605 249.2278 240.124 272.07 294.2278 309.0531 298.6105 288.0478 282.4074 287.1524 300.7355 313.2902 315.8185 309.2257 324.4623 336.0375 328.2764 336.9218 342.646 350.1342 3.601278 355.4095 346.6513 4.720137 20.50143 20.46227 24.66078 37.25223 36.51839 71.56505 118.7112 130.66 106.7302 90.3237 71.11976 69.74675 73.00163 46.62498 8.065141 351.8699 351.3475 0.219523 0.9022211 338.3768 347.8812 14.34933 5.492324 59.19855 78.80197 77.29597 70.40771 61.049
-9999 -9999 -9999 -9999 -9999 -9999 -9999 -9999 -9999 -9999 -9999 -9999 -9999 283.2986 301.866 316.7899 330.9454 303.2749 290.1576 294.1455 285.8025 289.5367 305.7539 300.4258 292.5206 290.9657 302.6192 311.5936 316.3803 322.6404 311.5318 318.4682 335.4223 335.6235 335.4099 337.1452 348.8708 3.878525 359.5018 350.2176 7.125016 20.37643 18.43495 30.32361 51.76617 67.05643 89.1186 97.15029 100.008 94.74051 86.88769 78.59552 82.24684 52.19347 0.2459031 357.4632 354.0569 355.1116 2.971163 2.075026 355.5635 11.73857 23.71359 22.89055 42.7974 42.24089 40.8511 39.93638 36.10414
-9999 -9999 -9999 -9999 -9999 -9999 -9999 -9999 -9999 -9999 -9999 -9999 -9999 255.5792 274.2364 301.293 322.5238 323.2463 317.9737 322.125 312.614 311.3785 320.2739 321.4287 315 306.2147 312.5737 323.5046 325.1621 329.436 321.8637 316.5343 329.1781 340.3777 330.5546 334.4155 350.9097 1.606003 359.7384 357.2475 10.58164 15.01836 15.00132 29.41908 56.56997 76.14526 86.43847 87.4923 86.37343 87.00296 82.70212 73.30076 58.30524 356.7295 343.1699 359.1636 356.0628 356.5467 11.0989 11.56744 17.37893 36.25384 34.69515 30.34325 8.488944 9.285593 29.63391 38.63475 30.64322
-9999 -9999 -9999 -9999 -9999 -9999 -9999 -9999 -9999 -9999 -9999 -9999 -9999 279.8336 282.2005 290.4623 296.8962 305.3803 308.5713 311.855 318.0128 323.5308 322.696 321.3402 319.3987 312.694 320.0636 332.7158 335.556 341.9395 334.8171 320.3145 330.2195 346.4641 339.8205 336.7408 347.7352 357.0585 359.5724 5.319894 16.94922 16.02587 18.63458 39.06258 63.19421 72.1213 72.91294 76.70143 79.60795 78.75181 67.65718 45.28648 29.97478 344.9059 337.818 2.935673 0.2524027 2.862405 24.02651 26.23194 35.83765 51.55695 50.11731 26.56505 328.5359 346.1672 50.29521 63.75414 44.15124
-9999 -9999 -9999 -9999 -9999 -9999 -9999 -9999 -9999 -9999 -9999 -9999 -9999 302.0054 290.6375 292.4569 295.3462 296.8473 301.9081 308.0081 318.9005 324.4623 326.1738 320.886 315.9022 310.1501 315.3673 326.6593 328.134 343.6949 340.8368 317.5261 319.2364 336.7408 341.8372 342.3091 344.4759 349.9354 359.0685 15.08635 26.4474 22.20941 33.11134 54.46232 62.97842 63.91642 64.76717 68.33404 69.46554 65.64047 48.62475 29.46148 32.94324 356.0548 322.9328 0.360346 10.1378 19.86704 42.63863 41.1432 55.2512 64.82246 34.93931 350.8629 325.0882 0 84.91174 85.30714 56.92074
-9999 -9999 -9999 -9999 -9999 -9999 -9999 -9999 -9999 -9999 -9999 -9999 278.427 261.3268 268.5312 272.1211 276.953 285.5546 289.1955 293.9625 307.304 316.5074 320.5722 315.5562 308.6095 299.0546 295.7581 300.9637 301.3287 320.9645 330.9454 312.1844 301.1593 309.3327 326.0786 339.1849 346.2469 349.2869 359.0355 21.17905 31.56448 30.47985 45 53.84182 57.80427 64.87907 72.68106 76.32869 72.68106 62.42341 45.64375 37.96206 47.84662 9.934097 327.875 2.29061 27.7185 38.50065 56.82149 66.66596 79.54009 63.43495 346.2637 334.29 340.2857 58.71735 90.51004 84.09386 65.29757
-9999 -9999 -9999 -9999 -9999 -9999 -9999 -9999 -9999 -9999 -9999 -9999 295.56 271.7899 278.6525 281.0035 266.3785 263.1987 265.2364 266.0091 270.5787 279.2461 289.5367 295.821 297.582 291.1941 289.4861 296.0954 300.0686 308.8627 322.9207 322.6242 308.5341 309.327 313.1989 320.7679 339.239 350.8376 3.260161 29.19749 39.4278 41.51067 46.15345 43.46223 51.88173 65.07646 73.02808 72.7711 64.75403 53.67318 42.8919 49.87927 47.91701 358.0632 342.9169 20.41842 45.61606 52.82907 64.82246 73.17859 65.94265 4.398705 329.1781 331.3448 21.03751 86.08175 84.77055 56.39876 48.01279
-9999 -9999 -9999 -9999 -9999 -9999 -9999 -9999 -9999 -9999 -9999 -9999 327.4074 322.9269 312.1936 327.0115 333.0343 312.337 290.5081 282.3808 273.6522 266.2686 274.2538 283.4957 290.9798 289.2307 284.1458 289.5923 302.9885 307.1042 319.2105 334.0022 320.5872 319.9968 318.0665 305.879 321.0677 348.7485 12.90107 38.9423 49.98108 47.27761 41.42366 37.28432 50.08622 61.30823 62.9987 57.14738 47.2348 39.28941 42.60158 59.5452 44.53795 342.0216 355.6013 36.8699 50.71059 58.30918 66.46765 68.12652 40.36454 326.149 319.542 344.6148 86.33582 86.75266 56.52032 37.60041 41.56637
-9999 -9999 -9999 -9999 -9999 -9999 -9999 -9999 -9999 -9999 -9999 -9999 285.2551 311.855 315 316.5911 335.556 340.3462 324.3855 317.4681 325.105 323.0491 307.2348 296.2666 294.3045 286.8438 281.3099 284.3148 293.6705 296.5651 306.5493 328.1575 321.2773 324.204 332.9976 312.0768 303.7307 334.8906 25.75812 52.01974 56.73857 43.3819 36.35458 35.70669 48.16388 55.54961 53.31512 47.54995 40.58138 40.47118 64.58399 76.47169 20.40021 345.5609 11.14289 44.4491 57.99462 63.92464 64.17901 58.20793 9.38151 310.2625 312.4552 88.45184 96.39896 66.88234 42.39744 47.40261 36.8122
-9999 -9999 -9999 -9999 -9999 -9999 -9999 -9999 -9999 -9999 -9999 346.4768 285.2551 271.3119 283.3925 290.647 307.7468 336.3929 329.2645 323.1825 334.8374 343.8108 334.8321 311.2173 310.4712 312.0263 292.0679 281.1649 280.2441 283.2528 293.6041 311.3734 308.6279 315.7377 332.8863 326.3551 306.9283 322.6867 36.8699 57.82275 53.6955 33.80796 32.40667 33.15792 43.93415 53.22672 55.68911 57.82637 63.53092 74.35775 86.24827 76.93068 335.9657 358.0475 28.30076 45 55.38181 55.1093 44.49742 24.66078 346.9708 324.7824 1.668337 81.3045 66.51588 45.55625 49.4749 46.33222 19.98311
-9999 -9999 -9999 -9999 -9999 -9999 -9999 -9999 -9999 -9999 -9999 351.4088 343.6571 301.3496 259.796 261.6743 277.1992 312.7094 324.7004 312.694 319.9863 344.8521 354.8056 318.5138 317.075 341.3505 329.7436 300.4833 292.5946 279.6987 279.1762 286.7625 280.3889 277.4503 286.6992 301.0417 302.3944 327.1188 24.05735 40.97174 39.58448 32.32509 35.67641 41.85504 59.59658 73.02808 80.93714 88.00001 92.09016 90.71915 80.6214 42.58049 329.4101 12.45 35.61849 34.99202 41.2605 41.85887 28.72374 358.7382 336.8491 350.4978 51.13222 63.74134 57.82878 58.70696 52.43141 27.70755 13.48306
-9999 -9999 -9999 -9999 -9999 -9999 -9999 -9999 -9999 -9999 -9999 335.4223 347.0535 354.4725 346.079 276.3402 259.1918 270.3032 301.7014 306.8091 305.1888 331.3017 2.726311 330.9454 313.2851 342.1039 353.2041 323.5308 313.8147 294.6659 284.6118 289.2447 277.4809 258.4908 249.6108 259.6778 272.7102 299.4337 6.155169 26.71272 41.35881 50.86597 66.16126 92.74809 106.7538 106.4486 99.94762 90 75.96375 72.13514 66.80141 19.21709 340.9534 24.8637 40.23636 28.76116 31.25509 36.68972 16.63095 342.0216 339.5197 19.09349 42.65072 35.14867 34.63368 27.02158 18.2749 13.90778 24.02651
-9999 -9999 -9999 -9999 -9999 -9999 -9999 -9999 -9999 -9999 -9999 328.5909 324.888 347.7604 3.621485 353.4634 290.1363 252.512 259.9025 285.0464 300.2346 315 349.9118 341.1753 309.9462 322.0094 349.7213 335.8391 325.3345 314.071 303.9063 313.4518 320.94 314.6419 299.1523 277.8393 260.7067 250.5724 250.6768 60.57254 73.52805 78.00801 89.56485 106.1892 112.0041 105.3955 93.21548 83.56195 88.16716 97.83169 89.24615 348.0848 353.8972 13.2764 10.08548 4.763642 13.24937 20.95285 3.639865 342.1764 351.4164 33.52652 35.44836 21.35567 18.5369 15.58236 17.44719 27.26742 34.47922
-9999 -9999 -9999 -9999 -9999 -9999 -9999 -9999 -9999 -9999 -9999 331.3138 312.3974 322.0626 348.6901 5.922363 10.2512 288.4349 248.9625 257.3864 281.5138 305.5377 328.3669 344.3272 315 305.7761 323.8204 330.6274 326.041 318.0941 309.1304 312.1505 326.9597 332.8875 324.5571 313.3349 277.0523 233.8264 201.4629 170.6109 129.8302 103.4187 94.94233 97.52912 111.529 125.3112 120.3791 96.009 83.30362 56.11874 14.08994 348.1113 356.7428 355.8151 349.8245 358.6331 16.03234 16.57095 0.9663432 354.4073 10.9228 41.92255 36.64343 15.97873 19.52357 31.7236 52.43141 62.77641 36.79278
-9999 -9999 -9999 -9999 -9999 -9999 -9999 -9999 -9999 -9999 15.25512 344.7449 313.9088 307.2881 312.5634 351.1075 15.12401 8.130102 302.0054 258.0755 263.7774 287.1027 313.8983 340.1679 323.9454 311.2139 315.3979 322.4146 322.8777 316.8087 311.0548 303.959 312.2298 326.709 328.0616 342.6359 0.2938219 177.8789 173.6598 170.1411 156.4205 134.4383 120.6937 121.866 126.1258 114.3765 45 54.46232 32.14191 11.43368 6.466882 1.363927 355.8058 346.0875 339.3891 356.1638 23.43325 16.33854 6.303628 14.60445 21.13424 40.97577 39.09386 19.65382 48.36646 79.44819 88.47923 69.30455 12.0306
-9999 -9999 -9999 -9999 -9999 -9999 -9999 -9999 -9999 -9999 14.60674 357.9786 332.2234 316.4879 290.556 297.7342 347.3004 8.800198 10.03488 295.2011 251.2413 247.3651 270.9602 319.0377 323.9149 309.0819 318.1481 329.5438 331.9662 329.444 329.8327 323.1981 317.5114 321.1829 322.125 357.1534 75.02712 113.438 138.1548 153.9046 115.4077 116.4309 119.7035 114.705 42.39744 352.8306 15.31282 36.31025 13.2278 5.687991 15.05122 7.373766 349.729 343.4339 341.1962 350.9605 16.84381 15.61939 16.87272 26.65019 32.29597 46.80874 39.45153 42.07502 79.81137 91.72082 74.18591 18.43495 1.259045
-9999 -9999 -9999 -9999 -9999 -9999 -9999 -9999 -9999 -9999 8.130102 358.977 340.9892 338.0255 327.0426 295.0744 293.1986 331.4845 358.7636 357.1122 322.8041 287.8189 273.3019 265.0729 286.742 291.0375 296.1067 311.1494 321.2888 326.1866 332.8333 336.1543 325.008 305.4778 264.7099 143.1301 122.4347 95.40379 14.93142 350.7629 39.7462 74.06971 75.33922 32.125 347.8404 352.0304 38.32553 39.88269 5.157127 7.480886 10.22217 1.974934 347.5681 346.1048 350.2022 346.817 9.38151 25.78291 41.56013 51.02753 49.30867 51.11551 55.23977 75.96375 85.66769 68.58165 22.38013 0 8.746162
-9999 -9999 -9999 -9999 -9999 -9999 -9999 -9999 -9999 -9999 356.3255 354.015 351.0274 352.1763 349.3543 342.1878 340.45 331.1762 322.6507 342.0665 346.139 334.3119 327.0372 302.3807 273.8607 275.0215 278.0198 284.6453 291.3369 295.8087 308.4802 332.1619 345.8505 336.2864 130.9144 122.3073 107.5256 345.4998 337.1315 346.9581 50.80062 63.43495 36.0623 13.21053 359.8134 20.48701 51.26349 22.80971 355.7494 7.47733 4.763642 1.301953 353.8907 353.4802 358.1221 352.7079 12.05079 38.22043 53.48432 51.92112 41.9673 52.28895 73.12373 82.49265 64.11973 26.68368 2.156563 5.379702 22.96377
-9999 -9999 -9999 -9999 -9999 -9999 -9999 -9999 -9999 346.903 352.7468 351.0274 350.3482 352.0232 348.0434 344.88 352.5413 1.759385 339.2744 291.8491 314.2793 343.1179 346.6331 358.0909 309.5881 274.2892 274.1761 277.8777 284.804 292.0872 298.4 323.1612 2.792702 21.22765 49.76364 69.73951 63.75865 287.049 292.1027 333.8531 70.82698 59.11792 18.26668 18.50869 19.13364 26.25866 34.14359 1.636577 350.0338 7.829076 0.881404 2.459044 1.323429 358.1913 2.687 6.823462 19.73269 30.78415 42.5224 44.45693 46.37209 63.02716 70.68534 56.90427 25.27772 10.56801 5.643318 20.30447 32.78849
-9999 -9999 -9999 -9999 -9999 -9999 -9999 -9999 -9999 322.4314 339.9628 345.198 342.0647 342.451 341.2916 340.8112 347.7352 7.096694 11.3937 317.3373 285.3501 313.2466 334.4155 3.43363 0.3350592 287.5432 255.0559 254.7449 269.2195 287.8297 293.4249 307.9314 15.53852 51.30363 66.80141 67.22962 39.52263 294.5672 261.1194 187.9975 103.9317 65.70193 7.844696 21.06236 26.13334 25.00064 21.48673 0.7004025 354.0075 5.759634 0.3237015 10.74196 10.68911 353.1026 2.045408 20.67811 27.81784 26.82198 46.23864 57.28832 59.11506 54.51422 50.00064 32.39139 11.60641 11.78475 21.93538 36.19321 33.69007
-9999 -9999 -9999 -9999 -9999 -9999 -9999 -9999 -9999 317.4026 330.2551 344.5007 344.9927 340.2211 334.3978 344.5502 348.3407 352.7676 6.054192 5.589869 299.2914 255.6507 284.1189 338.1986 8.923988 357.4552 285.141 262.1467 262.4054 270 277.1701 275.7583 118.1786 109.6356 95.60928 79.15969 7.594644 320.7106 288.4349 153.9967 115.3879 57.04258 3.066485 26.96571 43.44131 30.28795 16.03994 6.446755 2.363247 3.685147 4.429559 28.55962 25.82099 343.2685 356.6335 30.18368 34.72464 31.25509 48.99091 51.83236 37.45677 25.37774 31.44281 28.52601 18.68191 30.71283 49.3987 49.2191 33.89617
-9999 -9999 -9999 -9999 -9999 -9999 -9999 -9999 -9999 319.3474 322.8417 339.004 345.5792 341.1753 332.6318 339.9048 349.2005 346.3452 346.3571 14.23728 14.80838 321.2419 282.9553 296.7961 351.3843 6.77216 344.6562 314.3611 291.7054 280.7263 271.4552 229.514 139.2105 135.8127 110.2976 76.82745 327.9946 305.3803 20.69545 56.11304 40.84036 12.09476 17.19854 58.13402 65.18581 28.65183 13.65042 15.80251 9.304772 7.045769 21.13982 46.18526 26.56505 349.886 356.8004 25.054 36.25384 30.55097 30.198 30.80145 25.67945 24.75154 44.29845 52.89969 51.29395 66.03751 63.15271 37.87498 21.92178
-9999 -9999 -9999 -9999 -9999 -9999 -9999 -9999 328.3713 310.7778 313.0651 337.2703 342.2417 335.7042 340.0169 341.1049 342.2842 342.646 333.3056 354.8479 6.682661 1.628124 338.5371 293.7653 312.748 351.2673 347.687 332.2976 314.6315 299.6809 287.1568 192.3808 117.3954 115.0836 106.3139 85.7636 294.444 255.4655 285.2551 25.86636 22.91283 16.63095 49.66686 72.61303 53.91493 7.650651 17.98734 20.94265 11.56013 24.8637 52.49586 54.36651 13.05525 349.1597 1.134422 19.50245 27.32032 14.22596 12.85309 25.98762 40.03026 52.79208 66.70054 62.81889 51.02753 53.08263 34.9025 6.654425 6.175194
-9999 -9999 -9999 -9999 -9999 -9999 -9999 -9999 311.4677 296.5651 295.56 321.1886 329.0363 327.369 339.7751 344.8201 336.3706 333.7586 326.7174 332.049 347.0705 6.741697 14.86656 313.7724 283.0552 307.6588 330.4396 332.0205 320.7106 299.6012 295.2532 95.96449 100.4516 94.49715 102.9946 117.4744 284.0363 261.8699 272.8156 333.4349 33.48617 57.75753 81.43085 74.14807 39.80557 355.9144 15.25512 18.43495 22.55725 52.96961 68.19859 52.0165 348.2066 329.9314 353.2544 11.49269 9.462322 5.606166 22.72725 55.05627 69.67075 65.65891 55.25417 42.17604 27.18111 27.10176 18.43495 3.157945 14.34933
-9999 -9999 -9999 -9999 -9999 -9999 -9999 -9999 299.4759 293.6631 302.7352 322.2632 320.7626 325.8855 337.0113 348.3664 337.5741 325.3533 317.3091 315.8069 326.6894 357.176 24.0832 6.536633 276.8428 261.9283 279.2557 306.6341 325.0526 317.1017 343.6105 95.11732 119.9622 114.3411 101.3099 9.462322 317.386 327.9946 294.2278 309.4278 54.68879 77.78428 73.52312 47.48955 31.55139 352.9987 2.642545 14.74356 28.03385 40.97174 10.19599 1.141199 356.3734 342.7283 346.6075 357.8613 4.463851 25.10774 65.59603 81.70286 73.61046 47.831 40.37186 38.87463 30.10982 46.83774 63.06047 105.8839 136.9525
