slides/data/aspect100m_cl.txt
ncols         169
nrows         382
xllcorner     813515.0021541
yllcorner     1119250.21741
cellsize      100
NODATA_value  -9999
[rows 240 to 269 of 382, columns 0 to 68 of 169]
-9999 -9999 -9999 -9999 -9999 -9999 -9999 -9999 -9999 -9999 -9999 -9999 -9999 -9999 -9999 -9999 -9999 -9999 -9999 -9999 -9999 -9999 -9999 -9999 -9999 -9999 -9999 -9999 -9999 346.293 37.34935 21.03751 305.0594 310.0063 348.2066 17.04903 346.139 0.7440592 12.26477 326.5138 355.3141 41.05481 48.44739 7.815293 336.9149 353.1572 347.8687 322.8831 307.2782 332.1027 2.89127 11.52372 26.87814 45 8.841815 6.009006 5.826342 334.6041 336.0375 33.69007 52.79208 45 22.01128 340.1448 331.9275 19.57313 35.15887 28.7398 21.64444
-9999 -9999 -9999 -9999 -9999 -9999 -9999 -9999 -9999 -9999 -9999 -9999 -9999 -9999 -9999 -9999 -9999 -9999 -9999 -9999 -9999 -9999 -9999 -9999 -9999 -9999 -9999 -9999 -9999 0 26.33309 16.44861 310.9623 289.3845 337.249 14.30028 336.8014 10.66978 18.43495 324.2726 355.156 35.86982 45 2.29061 320.9645 347.6192 350.0594 346.2637 321.1155 310.8404 350.2176 16.92751 39.95755 35.69006 351.4308 350.3112 355.4261 341.2414 347.1063 38.5584 48.81408 35.43332 21.52901 9.246113 329.5742 354.8056 31.90811 30.66456 35.88214
-9999 -9999 -9999 -9999 -9999 -9999 -9999 -9999 -9999 -9999 -9999 -9999 -9999 -9999 -9999 -9999 -9999 -9999 -9999 -9999 -9999 -9999 -9999 -9999 -9999 -9999 -9999 -9999 -9999 4.014176 25.07442 17.06286 332.8189 286.294 280.7131 331.3138 334.7672 20.94265 28.07249 321.2035 339.6236 21.2796 38.29016 7.733598 321.3402 335.3232 339.7174 355.0063 345.8157 323.9149 340.71 356.9872 35.94211 26.56505 350.4457 350.9097 344.9315 344.6591 4.398705 28.22878 33.07926 26.7481 23.65421 23.60019 344.6237 339.6236 34.2157 50.33216 60.9454
-9999 -9999 -9999 -9999 -9999 -9999 -9999 -9999 -9999 -9999 -9999 -9999 -9999 -9999 -9999 -9999 -9999 -9999 -9999 -9999 -9999 -9999 -9999 -9999 -9999 -9999 -9999 -9999 336.2974 358.3317 31.12247 19.13364 352.3667 350.789 312.9904 315.6903 338.8865 27.07208 26.83404 334.29 329.444 14.32272 42.48312 10.58164 331.1645 336.4477 326.8421 349.992 0.7252243 345.0686 339.8637 344.7449 34.2611 20.48036 347.7352 350.0594 339.6236 344.1975 8.583621 22.94894 25.76933 29.31001 27.3777 28.61046 5.194429 347.4712 60.59281 68.31771 60.18584
-9999 -9999 -9999 -9999 -9999 -9999 -9999 -9999 -9999 -9999 -9999 -9999 -9999 -9999 -9999 -9999 -9999 -9999 -9999 -9999 -9999 -9999 -9999 -9999 -9999 -9999 -9999 -9999 328.0693 342.951 36.97276 25.23283 344.5388 7.057847 330.124 308.4634 340.7407 27.89727 20.87902 340.9065 334.3978 19.74684 46.43209 4.127592 337.9058 348.9436 326.3099 342.0721 5.332159 347.7352 346.6607 3.270488 30.37913 19.48613 349.5085 330.3763 324.0903 332.7004 3.012788 21.69511 31.13897 40.71085 34.99202 32.47119 13.07912 4.666858 29.24883 29.47589 30.17352
-9999 -9999 -9999 -9999 -9999 -9999 -9999 -9999 -9999 -9999 -9999 -9999 -9999 -9999 -9999 -9999 -9999 -9999 -9999 -9999 -9999 -9999 -9999 -9999 -9999 -9999 -9999 -9999 345.5297 319.8991 39.28941 30.06858 332.1027 4.044486 346.293 294.2539 313.6361 17.04903 14.45243 339.6236 347.4712 36.72411 35.98068 357.5634 338.8059 352.0199 346.3903 350.0958 348.6901 334.44 1.33222 37.56859 22.24902 18.43495 6.115504 323.4711 324.8658 326.9761 336.8014 17.35402 39.12261 40.6013 29.15692 23.33404 10.68491 7.057847 21.80141 30.02712 59.34933
-9999 -9999 -9999 -9999 -9999 -9999 -9999 -9999 -9999 -9999 -9999 -9999 -9999 -9999 -9999 -9999 -9999 -9999 -9999 -9999 -9999 -9999 -9999 -9999 -9999 -9999 -9999 -9999 21.03751 322.3524 7.815293 17.6223 333.1992 1.245364 8.32565 315 295.821 344.9315 4.707852 337.3801 11.88866 36.02737 17.59242 8.569142 323.5836 334.5367 355.684 1.041627 348.9063 330.611 7.765166 28.85566 8.297145 5.300927 7.96961 338.1986 342.5528 358.6678 313.3634 358.8767 41.24827 38.94581 32.66091 36.32682 50.85601 100.6197 123.0239 116.565 117.1811
-9999 -9999 -9999 -9999 -9999 -9999 -9999 -9999 -9999 -9999 -9999 -9999 -9999 -9999 -9999 -9999 -9999 -9999 -9999 -9999 -9999 -9999 -9999 -9999 -9999 -9999 -9999 36.15818 40.6013 326.5922 339.0755 3.215484 335.1858 2.544804 8.972627 350.7539 319.5739 316.3639 340.56 333.9247 17.76485 13.57043 8.004729 20.22486 334.3978 326.5752 349.439 1.353192 0.5070291 340.796 353.7965 18.72579 14.26451 3.88791 14.62087 354.4725 349.2869 9.688787 318.9909 343.0725 46.1233 48.2397 54.2726 74.87599 99.78241 128.8534 149.5889 136.606 110.7723
-9999 -9999 -9999 -9999 -9999 -9999 -9999 -9999 -9999 -9999 -9999 -9999 -9999 -9999 -9999 -9999 -9999 -9999 -9999 -9999 -9999 -9999 -9999 -9999 -9999 -9999 -9999 43.75463 23.42869 329.6567 333.0042 358.5797 343.9888 356.1859 4.332314 5.710593 350.5377 329.6209 332.9691 335.1126 16.18921 4.899093 8.555558 22.04591 343.5596 327.9946 345.3112 12.89374 7.907163 345.7841 350.5377 38.82983 52.30576 0 29.0546 35.53768 345.9637 354.2894 321.3402 315 62.8787 62.65012 67.01128 76.55138 89.54164 108.435 133.1524 103.2405 32.22876
-9999 -9999 -9999 -9999 -9999 -9999 -9999 -9999 -9999 -9999 -9999 -9999 -9999 -9999 -9999 -9999 -9999 -9999 -9999 -9999 -9999 -9999 -9999 -9999 -9999 -9999 -9999 18.9144 3.601278 339.444 334.9831 354.657 354.8827 348.6901 1.684684 17.61258 2.245743 330.5241 327.5288 343.0092 19.59228 357.3575 8.343891 17.31894 347.3474 325.4599 340.0169 22.61987 7.028396 354.0939 25.20112 59.93142 51.70984 336.8014 22.75098 43.93909 358.3634 59.03624 167.9052 193.7363 151.9275 95.82634 85.73211 85.13548 85.53915 83.29016 36.67435 353.4373 1.218875
-9999 -9999 -9999 -9999 -9999 -9999 -9999 -9999 -9999 -9999 -9999 -9999 -9999 -9999 -9999 -9999 -9999 -9999 -9999 -9999 -9999 -9999 -9999 -9999 -9999 -9999 -9999 17.1759 2.792702 347.9052 337.1903 341.2502 359.5489 350.9285 5.300927 38.57125 9.462322 326.113 319.7636 342.9795 4.028264 352.4054 1.169139 9.55429 355.6955 337.6938 339.6236 8.130102 14.03624 27.80146 30.06858 17.8787 19.69862 343.5231 30.32361 59.53445 60.25512 109.29 138.9452 173.4181 181.7357 158.9625 95.90614 91.19349 89.13195 72.52522 350.6553 335.8545 33.43987
-9999 -9999 -9999 -9999 -9999 -9999 -9999 -9999 -9999 -9999 -9999 -9999 -9999 -9999 -9999 -9999 -9999 -9999 -9999 -9999 -9999 -9999 -9999 -9999 -9999 -9999 337.2856 13.79949 6.532137 5.290081 340.3879 326.7125 353.4537 3.945186 20.77225 37.87498 9.246113 334.2495 341.131 342.512 342.6811 352.304 3.964655 8.972627 1.808739 349.2157 340.2532 356.5526 24.55045 39.64418 10.00798 357.0643 27.18111 21.03751 81.15819 89.21517 90 77.61924 62.10273 96.63251 160.821 188.6156 143.7462 117.7342 108.1302 82.18471 318.6522 351.4692 55.43748
-9999 -9999 -9999 -9999 -9999 -9999 -9999 -9999 -9999 -9999 -9999 -9999 -9999 -9999 -9999 -9999 -9999 -9999 -9999 -9999 -9999 -9999 -9999 -9999 -9999 -9999 332.2415 0 7.275005 16.02029 345.5476 320.1944 339.5197 18.03429 30.12432 32.56044 16.23235 328.1906 343.4127 347.5926 333.4349 351.7142 11.30993 6.46982 7.431408 2.29061 335.6955 351.6071 35.1807 44.07595 2.419509 355.9717 50.01311 64.74683 82.99873 84.03551 48.69139 24.77514 45 70.64101 99.16235 160.6022 158.5523 142.679 125.7067 329.7436 316.3019 30.96376 37.40536
-9999 -9999 -9999 -9999 -9999 -9999 -9999 -9999 -9999 -9999 -9999 -9999 -9999 -9999 -9999 -9999 -9999 -9999 -9999 -9999 -9999 -9999 -9999 -9999 -9999 -9999 334.44 4.236395 357.7094 2.070031 351.7142 331.4404 329.0363 22.47943 32.15229 38.5584 21.9487 320.7928 333.6873 347.4123 335.2976 349.8545 13.33925 13.57043 16.04901 8.569142 346.373 350.7067 35.7274 39.19327 2.642545 21.57131 77.90524 73.92642 52.94347 39.89783 8.972627 21.80141 51.76617 70.11484 88.42345 116.565 142.8533 139.514 333.4349 320.4923 339.9048 52.43141 101.8215
-9999 -9999 -9999 -9999 -9999 -9999 -9999 -9999 -9999 -9999 -9999 -9999 -9999 -9999 -9999 -9999 -9999 -9999 -9999 -9999 -9999 -9999 -9999 -9999 -9999 -9999 330.1541 29.98164 6.842773 305.5377 336.2505 338.3556 341.5651 14.03624 22.55725 35.94211 13.87753 322.696 325.6698 338.7204 339.3256 351.7142 14.45243 24.14554 12.60016 5.079608 6.009006 356.0548 33.9298 42.7974 37.40536 90 97.76517 75.57922 20.69545 27.89727 19.59228 49.08562 63.75865 71.24135 74.82008 70.9249 43.69805 354.9576 330.3955 336.4477 17.74467 73.61046 103.707
-9999 -9999 -9999 -9999 -9999 -9999 -9999 -9999 -9999 -9999 -9999 -9999 -9999 -9999 -9999 -9999 -9999 -9999 -9999 -9999 -9999 -9999 -9999 -9999 -9999 344.0546 304.8245 29.98164 26.14684 309.8056 263.2902 281.8887 329.6209 353.4181 356.6335 25.70995 20.95578 325.0806 296.9657 305.5377 327.6996 350.9724 13.43819 26.99584 11.54669 8.901716 21.25051 11.30993 46.43209 56.82149 63.43495 74.74488 69.27444 8.130102 352.3493 37.47618 61.69925 81.57303 90.7639 95.19443 88.47923 61.18921 10.0806 347.9052 340.4633 350.0958 30.32361 59.47029 57.43956
-9999 -9999 -9999 -9999 -9999 -9999 -9999 -9999 -9999 -9999 -9999 -9999 -9999 -9999 -9999 -9999 -9999 -9999 -9999 -9999 -9999 -9999 -9999 -9999 -9999 21.03751 294.5901 355.7636 21.80141 14.82648 338.9625 264.8056 273.0128 310.7108 331.9662 35.40686 68.19859 148.5704 210.1243 237.3954 263.1987 317.0096 8.285797 28.53999 18.10376 13.73627 24.02651 37.18471 65.09523 68.80595 69.86369 67.24902 47.43665 350.6764 347.2288 53.36589 78.20657 97.35238 104.6209 106.8868 100.1755 16.92751 347.6447 354.2374 9.727578 8.972627 28.81079 45 36.8699
-9999 -9999 -9999 -9999 -9999 -9999 -9999 -9999 -9999 -9999 -9999 -9999 -9999 -9999 -9999 -9999 -9999 -9999 -9999 -9999 -9999 -9999 -9999 -9999 -9999 24.90477 302.7352 316.7357 18.43495 29.84593 28.85566 313.2643 299.6237 290.7722 277.8153 101.5601 110.7723 141.4287 197.3189 225.9878 238.5432 258.3778 334.29 37.19981 29.8989 20.22486 45 69.36245 70.46335 60.52411 60.59281 47.43665 20.55605 345.7841 354.6442 72.18111 89.56264 101.6593 71.07536 33.55896 9.409222 355.8296 356.8636 21.68229 38.65981 28.30076 52.76517 87.87891 97.43141
-9999 -9999 -9999 -9999 -9999 -9999 -9999 -9999 -9999 -9999 -9999 -9999 -9999 -9999 -9999 -9999 -9999 -9999 -9999 -9999 -9999 -9999 -9999 -9999 -9999 34.61114 322.7652 316.2189 7.253195 41.18592 49.28915 318.0128 311.6981 316.6847 242.1027 112.3801 108.8774 117.8973 228.8141 246.9606 253.7398 263.9382 289.7989 59.2811 51.78897 53.36589 60.46122 33.36637 18.17213 15.64225 17.54326 14.81632 12.26477 359.4438 11.30993 75.43973 87.82526 30.96376 4.484606 358.5498 356.7714 7.241867 29.0546 50.71059 37.56859 54.46232 100.6197 124.1145 118.3008
-9999 -9999 -9999 -9999 -9999 -9999 -9999 -9999 -9999 -9999 -9999 -9999 -9999 -9999 -9999 -9999 -9999 -9999 -9999 -9999 -9999 -9999 -9999 -9999 36.8699 36.74056 338.6821 330.6795 17.10273 52.43141 47.72631 315 301.7595 335.7256 33.36637 85.23636 85.34174 29.0546 346.5043 306.3268 286.543 285.33 307.4506 42.6467 33.34071 39.28941 16.31385 356.1288 7.460566 12.31945 15.81408 18.22116 26.91656 25.23283 30.96376 76.03826 61.94922 343.258 358.1817 353.5169 353.4181 59.67639 75.31121 70.79603 65.37643 87.76882 87.2073 63.43495 34.15969
-9999 -9999 -9999 -9999 -9999 -9999 -9999 -9999 -9999 -9999 -9999 -9999 -9999 -9999 -9999 -9999 -9999 -9999 -9999 -9999 -9999 -9999 -9999 -9999 357.7094 29.21925 335.9558 342.3499 40.76361 35.53768 22.30621 341.5651 317.2605 334.5583 10.52078 34.53466 31.04356 16.95531 11.30993 311.7295 291.5014 291.9194 314.3179 34.47922 31.14858 35.90972 7.495858 330.5241 4.289153 23.66314 36.75368 55.15427 71.20011 81.8699 108.9967 90.40067 33.38852 340.2011 18.79988 22.28559 45 83.45371 84.05314 79.46082 78.34071 68.0513 42.08916 28.03385 18.43495
-9999 -9999 -9999 -9999 -9999 -9999 -9999 -9999 -9999 -9999 -9999 -9999 -9999 -9999 -9999 -9999 -9999 -9999 -9999 -9999 -9999 -9999 -9999 -9999 301.5043 28.7398 327.9946 347.0054 14.26451 9.462322 13.52316 344.4072 318.4682 328.183 356.6726 16.11342 28.43563 39.62329 44.34146 298.6105 274.8208 275.7795 292.3062 42.2073 37.61396 45 26.56505 318.9909 349.1145 40.33314 68.31771 86.7603 93.36646 91.33222 91.36393 83.51693 346.2637 331.7984 32.27565 33.50344 38.77417 46.87788 56.30993 56.61148 47.81556 31.70143 23.89516 34.2157 24.04422
-9999 -9999 -9999 -9999 -9999 -9999 -9999 -9999 -9999 -9999 -9999 -9999 -9999 -9999 -9999 -9999 -9999 -9999 -9999 -9999 -9999 -9999 -9999 -9999 324.0395 16.2602 345.9637 323.2971 359.3097 18.90458 23.74949 325.0806 301.7921 311.1121 342.8241 11.12919 54.5989 67.61987 49.3987 338.3049 283.183 276.4881 296.3233 20.46227 23.19859 41.23597 27.14968 332.8189 351.3843 40.84036 60.06849 61.63881 49.76364 40.96229 43.74096 43.60282 344.8989 319.3987 22.83365 23.74949 28.49564 44.29268 56.73857 54.9638 39.55967 15.9454 24.9439 47.52612 53.1301
-9999 -9999 -9999 -9999 -9999 -9999 -9999 -9999 -9999 -9999 -9999 -9999 -9999 -9999 -9999 -9999 -9999 -9999 -9999 -9999 -9999 -9999 -9999 -9999 302.4712 2.56377 3.17983 316.1458 341.5651 36.52885 29.0546 318.6522 286.4404 283.9283 314.0452 5.774326 59.03624 54.85133 16.5981 354.2666 323.2971 304.3431 316.1458 14.03624 28.39302 50.11731 15.37625 336.5571 0.9548413 28.87243 40.42608 32.90524 24.97792 33.32629 40.23636 41.49647 5.194429 324.6052 5.314546 23.19859 46.54816 60.75117 59.21585 45.80693 17.41797 5.52754 35.21759 65.32314 82.69424
-9999 -9999 -9999 -9999 -9999 -9999 -9999 -9999 -9999 -9999 -9999 -9999 -9999 -9999 -9999 -9999 -9999 -9999 -9999 -9999 -9999 -9999 -9999 267.7688 271.8882 321.789 7.495858 348.2749 323.5308 25.34618 8.746162 339.6559 300.4998 268.6028 273.4336 333.9247 51.76617 38.95149 359.4838 349.6764 337.7928 325.6849 331.8987 24.44395 51.11551 43.99492 349.3803 331.0259 3.154843 31.66075 30.14139 21.19406 29.78742 46.84761 40.23636 35.78897 17.83501 332.9279 0.7252243 41.18592 57.69958 50.00064 37.40536 20.01876 4.398705 10.96787 51.5198 70.01689 62.65012
-9999 -9999 -9999 -9999 -9999 -9999 -9999 -9999 -9999 -9999 -9999 -9999 -9999 -9999 -9999 -9999 -9999 -9999 -9999 -9999 -9999 -9999 -9999 311.7603 289.4115 300.0049 3.2397 29.47589 351.2538 328.2405 339.3765 347.9694 354.1736 293.3852 263.4373 268.1524 62.81889 45 344.4759 326.8887 324.9406 327.938 347.0054 35.13419 47.77021 17.56027 338.1986 321.3402 1.507436 37.96206 27.20401 30.11373 53.65254 61.09082 46.34789 48.25195 35.67641 336.5953 12.17146 49.08562 45.79572 36.14204 25.07442 10.30485 8.130102 29.33184 65.10623 71.76751 46.66028
-9999 -9999 -9999 -9999 -9999 -9999 -9999 -9999 -9999 -9999 -9999 -9999 -9999 -9999 -9999 -9999 -9999 -9999 -9999 -9999 -9999 -9999 -9999 317.9609 303.8262 307.4605 2.121096 46.30195 4.635463 309.6442 319.9166 343.0725 9.013205 1.123303 297.5973 282.6193 78.69007 34.56252 337.9321 310.9858 292.3801 299.7449 334.6538 28.88658 39.47246 11.63363 333.4349 318.1221 354.0939 30.30268 35.40686 55.2348 68.02549 68.35557 68.80595 78.02386 40.48601 340.56 14.98163 32.9694 44.18155 39.38242 18.43495 4.044486 20.17065 51.11551 71.56505 67.76501 39.95755
-9999 -9999 -9999 -9999 -9999 -9999 -9999 -9999 -9999 -9999 -9999 -9999 -9999 -9999 -9999 -9999 -9999 -9999 -9999 -9999 -9999 -9999 -9999 296.8473 302.3914 308.1909 11.72511 48.43363 351.8699 307.6476 312.2737 336.4477 8.972627 17.57665 344.7449 323.9149 33.17851 359.029 334.179 327.6526 311.6335 311.5318 307.6476 16.82141 43.93909 15.9454 332.1985 317.9609 345.1137 23.19859 50.47737 61.63095 64.87218 67.24902 65.09523 59.56028 0 342.8015 19.79888 34.87533 43.36342 28.94001 10.0806 6.340192 49.92711 74.39605 73.5707 60.80251 36.02737
-9999 -9999 -9999 -9999 -9999 -9999 -9999 -9999 -9999 -9999 -9999 -9999 -9999 -9999 -9999 -9999 -9999 -9999 -9999 -9999 -9999 -9999 315 287.1027 295.2532 310.1696 9.462322 36.25384 346.3287 301.6607 295.8398 315 1.909152 23.58703 19.65382 345.7627 22.47943 7.52382 322.5946 328.4957 326.5346 334.8552 319.514 3.17983 41.09951 15.42216 340.1148 302.1523 326.0937 42.95459 68.49857 72.25533 73.72033 67.67134 57.60016 50.50548 351.6561 344.6045 32.34744 27.89727 21.1135 15.17993 9.107334 20.37643 53.22672 55.53918 47.08257 38.70933 20.15761
-9999 -9999 -9999 -9999 -9999 -9999 -9999 -9999 -9999 -9999 -9999 -9999 -9999 -9999 -9999 -9999 -9999 -9999 -9999 -9999 -9999 -9999 352.6262 299.6785 290.2657 307.5042 1.468801 29.0546 357.8789 292.751 266.7755 260.112 293.4986 23.19859 30.35262 7.334379 23.00887 21.44774 317.0826 324.4623 341.9657 348.4078 342.0956 13.17255 28.61046 16.38954 353.4181 303.8571 317.6026 65.07153 77.69199 80.62791 78.05582 62.10273 52.30576 46.38036 351.6897 346.7595 8.488944 4.451174 5.774326 12.3492 19.68031 39.7462 52.43141 39.7462 36.8699 33.69007 15.9454
