slides/data/canopy100m_cl.txt
ncols         169
nrows         382
xllcorner     813515.0021541
yllcorner     1119250.21741
cellsize      100
NODATA_value  -9999
[rows 306 to 339 of 382, columns 0 to 76 of 169]
-9999 -9999 -9999 -9999 -9999 -9999 -9999 -9999 -9999 -9999 -9999 -9999 -9999 -9999 17.99 24.93 25.81 28.37 28.2 26.01 15.65 20.94 20.14 14.68 26.59 27.75 22.82 18.48 20.66 25.77 24.74 21.7 22.97 25.95 20.4 17.43 9.04 7.71 14.87 16.84 16.57 20.85 19.26 24.67 20.38 22.69 19.1 28.63 33.59 31.84 32.96 34.01 33.26 30.94 31.56 23.85 31.05 30.29 26.97 28.24 28.51 29.86 24.26 23.03 24.7 26.53 25.41 28.27 23.85 14.57 18.23 23.25 29.29 25.78 25.1 15.55 17.36
-9999 -9999 -9999 -9999 -9999 -9999 -9999 -9999 -9999 -9999 -9999 -9999 -9999 -9999 8.66 8.13 9.06 14.25 20.37 22.01 14.93 16.73 20.53 19.85 20.73 16.9 23.83 16.14 12.07 25.59 24.19 22.35 21.64 26.06 18.38 16.94 11.08 6.88 10.97 12.42 11 15.95 18.74 17.96 18.51 24.34 26.7 30.46 31.23 29.24 31.46 31.05 33.42 33.14 26.5 30.08 31.15 29.69 31.8 29.65 30.39 28.15 25.77 24.99 25.39 28.13 29.69 30.29 26.5 20.45 19.58 25.49 28.06 18.92 26.06 21.75 17.25
-9999 -9999 -9999 -9999 -9999 -9999 -9999 -9999 -9999 -9999 -9999 -9999 -9999 12.39 14.33 8 3.68 3.86 11.14 9.52 22.1 13.18 11.44 18.27 11.02 10.75 16.7 13.72 10.67 22.85 21.75 19.56 21.1 24.88 20.4 20.3 14.76 9.76 11.21 9.69 10.03 21.46 20 23.94 20.95 21.81 28.29 27.93 27.56 31.62 33.13 32.77 34.85 26.35 32.08 31.04 30.14 29.57 29.74 26.47 28.56 25.7 25.13 26.93 27.3 31.48 36.59 29.96 20.18 19.65 27.4 23.86 26.11 23.32 23.59 24.9 18.51
-9999 -9999 -9999 -9999 -9999 -9999 -9999 -9999 -9999 -9999 -9999 -9999 -9999 20.19 20.67 8.05 3.46 2.08 3.71 5 22.59 15.3 9.04 16.48 23.47 16.25 14.25 12.56 8.08 18.26 26.11 19.17 17.22 19.77 25.87 26.08 18.56 16.11 10.89 9.69 15.16 23.54 19.21 21.03 21.28 24.77 26.9 30.8 33.42 34.16 32.02 30.89 34.64 25.56 31.76 30.24 31.79 26.66 24.83 25.59 23.35 23.77 28.41 28.33 26.23 30.67 30.73 27.13 21.54 18.21 18.06 25.03 25.8 27.9 28.04 27.15 26.28
-9999 -9999 -9999 -9999 -9999 -9999 -9999 -9999 -9999 -9999 -9999 -9999 -9999 17.55 13.79 5.38 2.97 1.48 7.65 18.55 19.8 15.37 7.07 5.34 17.96 26.3 25.29 19.16 7.11 13.68 23.12 20.27 17.34 21.43 20.55 20.14 20.44 18.46 13.84 13.79 22.91 23.54 20.5 19.15 24.18 25.52 30.03 29.53 30.2 27.71 29.43 27.36 28.78 27.56 29.08 30.88 29.99 24.49 27.04 26.01 22.01 22.83 28.73 25.13 25.2 28.42 30.26 35.67 28.92 22.46 19 28.01 27.5 31.25 24.22 25.67 25.39
-9999 -9999 -9999 -9999 -9999 -9999 -9999 -9999 -9999 -9999 -9999 -9999 -9999 15.4 15.36 4.19 4.24 4.96 12.12 12.95 14.84 20.08 13.18 5.46 10.58 23.22 25.2 16.45 20.97 7.45 9.74 16.18 20.9 20.73 16.8 14.42 12.11 11.2 14.54 16.53 19.84 22.32 20.59 22.25 21.53 22.85 23.54 27.79 31.17 31.54 29.36 27.23 31 32.52 28.43 28.66 26.31 23.77 26.87 23.66 23.02 24.48 22.15 24.22 30.27 29.78 35.68 34.1 25.54 29.71 28.22 27.57 27.14 26.4 28.54 21.01 25.41
-9999 -9999 -9999 -9999 -9999 -9999 -9999 -9999 -9999 -9999 -9999 -9999 13.5 11.68 17.7 10.13 10.92 10.28 8.13 8.28 8.28 10.08 13.11 9.06 6.24 7.69 22.47 13.23 13.58 13.53 6.22 8.74 21.03 23.12 20.83 19.69 19.23 11.61 9.45 17.44 21.96 20.38 18.39 22.47 23.95 23.08 27.73 27.07 30.35 28.27 30.24 27.96 30.47 21.31 29.36 22.22 23.76 22.66 25.14 24.89 26.71 20.18 19.37 20.93 21.58 29.09 38.1 30.23 30.47 27.68 24.8 29.05 25.79 26.19 25.79 27.46 29.33
-9999 -9999 -9999 -9999 -9999 -9999 -9999 -9999 -9999 -9999 -9999 -9999 20.2 14.71 15.94 11.38 16.74 23.11 20.18 20.59 14.08 10.74 8.22 11.41 10.58 7.49 9.5 18.39 7.66 12.37 9.29 10.89 26.27 25.78 26.17 18.49 16.52 16.67 25.59 23.76 20.68 16.18 21.34 23.36 23.09 23.93 27.97 28.49 28.86 28.67 27.87 30.77 27.09 26.91 24.25 24.87 27.07 25.36 26.33 29.7 24.38 20.26 27.66 24.7 18.15 27.58 29.07 29.74 33.51 29.34 26.18 27.16 25.93 25.19 29.1 27.36 29.41
-9999 -9999 -9999 -9999 -9999 -9999 -9999 -9999 -9999 -9999 -9999 -9999 12.19 10.2 12.57 11.85 14.35 23.04 20.97 19.99 25.98 26.22 26.49 23.85 18.69 13.61 12.4 10.84 11.32 14.1 24.06 18.73 27.35 27.11 24.93 27.45 18.22 14.35 22.14 34.99 34.11 15.36 21.98 24.1 21.6 23.07 26.41 28.32 29.01 28.21 28.2 27.53 25.26 31.1 25.38 24.95 27.59 24.82 28.76 28.47 23.17 24.03 27.26 23.91 32.67 31.4 16.47 29.13 29.03 30.44 24.73 24.08 16.48 19.82 25.75 30.26 25.48
-9999 -9999 -9999 -9999 -9999 -9999 -9999 -9999 -9999 -9999 -9999 -9999 10.83 7.99 5.59 8.31 13.49 13.46 18.6 16.52 17.93 24.48 24.75 28.66 24.05 24.08 17.1 18.9 19.39 17.43 22.78 28.04 27.01 28.76 22.59 30.22 25.88 11.14 15.64 20.13 14.19 15.88 22.13 23.27 23.93 23.49 25.05 26.92 26.53 26.27 31.12 30.53 34.1 29.67 27.69 26.27 25.47 31.76 29.84 28.75 30.27 28.78 16.01 19.72 21.49 20.24 15.51 30.48 28.79 29.76 25.88 12.92 21.91 14.33 18.1 25.35 22.42
-9999 -9999 -9999 -9999 -9999 -9999 -9999 -9999 -9999 -9999 -9999 24.45 15.01 12.03 13.55 11.02 9.73 6.73 15.08 14.69 17.64 24.92 23.63 31.19 26.28 29.61 32.96 29.12 27.7 21.36 21.25 23.43 27.42 24.91 20.34 25.64 22.52 19.53 20.06 13.42 9.52 20.91 20.95 23.36 20.52 21.58 22.75 23.6 30.19 31.92 28.7 31.72 31.41 25.67 27.76 24.49 27.45 30.76 33.03 32.42 32.91 27.74 20.97 15.97 20.96 20.84 25.75 28.06 25.11 29.31 33.67 12.75 18.44 13.2 10.59 24.32 22.95
-9999 -9999 -9999 -9999 -9999 -9999 -9999 -9999 -9999 -9999 -9999 23.24 22.3 12.97 14.32 14.91 14.55 10.7 12.5 13.49 14.85 19.91 19.94 31.11 27.11 27.09 30.78 29.18 25.92 26.36 30.05 31.71 31.93 27.72 26.46 27.56 25.6 20.8 19.66 14.73 16.95 21.56 19.82 19.85 16.54 19.26 27.35 28.88 29.24 26.72 34.18 34.29 24.4 23.7 17.15 23.75 24.11 28.97 32.64 31.9 31.38 30.81 23.59 21.32 24.69 18.27 19.36 25.97 25.43 30.52 30.62 22.62 12.04 9.94 6.87 18.78 22.3
-9999 -9999 -9999 -9999 -9999 -9999 -9999 -9999 -9999 -9999 -9999 19.59 25.64 15.87 12.86 16.49 22.07 22.79 11.29 11.86 15.81 21.36 19.28 29.33 28.65 24.47 26.2 32.43 26.74 26.96 33.29 26.05 25.16 26.75 27.12 28.38 23.48 21.35 18.72 16.48 18.01 22.23 25.59 31.41 26.09 26.51 26.08 24.47 25.49 30.93 33.51 27.83 24.57 21.93 22.88 28.18 25.22 30.66 35.84 28.62 31.1 25.12 23.05 22.73 19.95 22.12 20.36 25.76 22.57 28.87 23.2 26.61 24.49 24.46 26.46 25.43 27.01
-9999 -9999 -9999 -9999 -9999 -9999 -9999 -9999 -9999 -9999 -9999 23.63 24.68 23.54 13.12 10.82 18.21 24.24 23.65 12.81 16.17 17.83 19.97 23.32 25.15 23.81 24.09 27.6 23.94 28.83 31.28 26.14 24.56 26.53 26.16 25.75 26.13 19.23 15.92 27.66 34.59 21.29 20.43 21.68 23.81 29.13 28.83 30.81 32.62 30.1 25.66 25.94 21.3 20.91 30.35 34.17 29.41 34.75 35 34.75 27.18 22.69 25.78 24.64 17.85 25.76 13.18 17.49 12.35 17.86 15.21 23.83 17.42 30.11 28.87 21.59 16.67
-9999 -9999 -9999 -9999 -9999 -9999 -9999 -9999 -9999 -9999 -9999 27.48 24.22 30.9 27.81 16.66 12.61 22.01 28.85 20.98 16.39 18.63 15.42 18.76 22.01 21.4 25.42 22.8 23.73 31.67 31.53 26.02 26.82 24.05 28.71 25.89 19.79 16.09 18.31 30.57 31.46 18.98 16.75 18.55 25 29.38 35.58 35.02 33.57 31.76 27.27 26.65 21.76 26.16 33.03 30.78 31 35.58 31.31 28.76 26.32 23.14 20.71 19.63 20.46 18.66 21.1 14.22 21.44 15.28 23.21 21.85 18.89 22.92 15.02 20.41 22.82
-9999 -9999 -9999 -9999 -9999 -9999 -9999 -9999 -9999 -9999 27.16 26.9 27.23 25.4 30.18 20.91 11.43 16.09 23.63 27.68 27.67 25.7 19.46 14.33 18.07 23.07 18.3 23.68 24.36 28.42 28.37 25.29 28.15 26.1 28.57 27.46 14.67 19.36 23.23 26.8 24.21 21.05 21.97 28.82 32.05 27.15 28.42 30.27 35.63 25.7 29.96 25.33 24.57 27.7 28.49 32.57 31 35.68 23.68 26.33 21.89 18.65 21.36 22.83 24.81 22.14 20.76 27.83 24.09 18.27 27.45 24.05 22.89 15.14 18.11 20.7 21.7
-9999 -9999 -9999 -9999 -9999 -9999 -9999 -9999 -9999 -9999 13.65 25.25 25.56 25.85 26.57 26.31 22.99 14.56 15.58 27.02 27.88 32.99 32.27 24.87 18.1 23.85 21.39 19.86 21.97 22.84 25.09 27.37 29.84 25.28 25.61 15.91 21.25 26.6 19.29 17.91 26.86 22.4 23.91 22.51 29.13 29.09 26.41 32.53 34.4 28.69 28.94 23.96 26.69 28.12 27.4 32.13 24.98 24.99 16.13 16.11 19.2 25.59 27.31 22.33 15.19 20.56 27.01 24.89 25.16 22.5 22.88 24.43 20.58 16.74 26.44 23.29 17.25
-9999 -9999 -9999 -9999 -9999 -9999 -9999 -9999 -9999 -9999 11.58 20.83 13.43 21.36 23.38 27.31 27.98 24.8 12.05 18.04 28.1 27.59 30.03 28.94 25.59 26.55 26.11 24.55 20.37 18.95 22.14 24.7 25.83 26.96 23.51 22.91 23.99 27.89 22.11 21.18 21.29 24.77 32.16 24.07 27.84 26.01 23.08 33.96 29.41 29.36 28.91 24.33 25.54 27.87 29.13 25.14 24.17 18.8 17.61 20.84 24.16 25.68 18.98 20.58 21.04 14.66 20.71 29.5 23.65 22.62 22.87 24.63 26.78 23.13 26.06 22.81 18.03
-9999 -9999 -9999 -9999 -9999 -9999 -9999 -9999 -9999 -9999 18.65 27.6 27.48 20.04 16.59 24.02 28.44 31.95 22.73 11.69 22.57 15.64 14.56 25.83 30.12 27.43 29.5 27.97 26.06 23.72 22.51 28.87 25.95 22.68 20.9 22.85 29.26 20.02 14.7 23.37 23.36 26.16 29.21 30.02 24.92 25.03 27.81 29.18 28.73 29.64 27.62 20.26 25.36 25.32 28.13 25.29 25.25 23.88 23.7 26.99 21.39 18.74 22.36 22.16 20.21 14.28 14.87 19.27 26.83 25.55 18.8 24.71 25.66 24.38 24.81 24.16 23.67
-9999 -9999 -9999 -9999 -9999 -9999 -9999 -9999 -9999 14.82 23.16 16.89 22.7 12.99 14.99 22.03 15.73 24.51 29.8 30.74 18.12 13.73 11.29 18.11 26.4 25.52 28.32 21.45 21.71 23.9 26.37 26.15 24.35 25.18 24.69 23.41 27.47 25.77 17.62 22.19 23.08 26.22 23.34 24.72 31.95 28.7 32.77 27.9 29.82 28.85 22.85 20.31 22.11 22.57 30.19 25.72 25.95 21.58 23.24 23.79 23.93 27.11 28.33 27.06 27.79 23.57 22.02 18.35 24.26 23.6 16.11 20.52 23.16 23.4 24.78 22.44 12.26
-9999 -9999 -9999 -9999 -9999 -9999 -9999 -9999 -9999 7.82 19.59 9.7 12.4 17.69 13.83 17.14 16.26 10.03 27.67 33.14 31.44 21.98 15.54 18.76 24.34 28.63 30.74 29.45 26.04 21.37 23.58 26.45 20.36 24.47 28.91 26.94 29.11 26.51 21.18 26.39 25.87 26.26 24.47 20.72 22.12 27.59 29.6 31.75 25.05 22.82 22.98 22.98 23.18 23.83 26.99 21.89 24.15 26.01 21.18 22.9 24.42 18.13 15.16 26.1 28.75 25.44 17.99 21.06 24.29 20.19 19.02 26.38 24.46 23.43 22.54 16.35 15.3
-9999 -9999 -9999 -9999 -9999 -9999 -9999 -9999 -9999 4.46 11.79 14.53 8.55 9.63 8.23 8.02 16.57 10.09 21.47 23.26 30.58 27.62 31.56 24.98 27.86 29.16 32.68 28.67 30.01 24.59 30.5 22.8 22.32 22.27 25.52 25.6 30.06 24.56 25.56 29.42 25.29 26.53 25.53 23.75 22.98 25.78 24.12 23.85 25.42 23.86 20.48 25.94 25.21 27.89 24.98 23.01 22.84 23.18 20.15 20.37 15.62 18.31 21.54 22.82 21.21 24.78 20.69 22.03 24.78 29.18 26.76 25.74 22.51 19.71 20.88 14.84 10.73
-9999 -9999 -9999 -9999 -9999 -9999 -9999 -9999 -9999 6.23 10.71 7.78 11.57 4.49 9.82 10.01 10.07 15.22 9.95 23.77 22.54 27.15 30.27 30.78 26.09 31.77 35.37 25.95 26.85 26.53 26.27 23.91 26.27 20.81 25.23 26.59 31.16 27.24 25.33 26.87 24.47 25.82 25.74 24.23 25.89 25.12 23.2 20.78 22.63 22.55 21.96 24.56 24.62 24.03 21.29 26.26 22.2 22.38 24.17 22.28 17.16 19.53 25.93 27.23 27.14 26.69 24.23 25.32 27.44 26.72 22.56 23.42 22.87 22.09 19.44 19.12 19.2
-9999 -9999 -9999 -9999 -9999 -9999 -9999 -9999 22.08 9.64 4.99 7.01 10.36 13.64 12.22 5.89 10.49 16.51 8.08 17.72 14.15 18.82 23.29 31.81 24.97 23.34 24.75 28.82 22.51 27.61 23.52 27.51 25.93 24.42 24.12 29.28 25.54 27.56 25.47 26 25.87 24.34 25.99 24.38 25.32 23.81 24.58 24.17 19.97 17.43 17.49 22.46 26.98 23.84 22.74 26.44 24.82 21.45 19.06 20.22 22.17 20.18 20.49 22.1 19.13 23.52 26.38 21.66 21.94 20.76 22.75 25.38 27.92 22.72 19.71 23.9 25.84
-9999 -9999 -9999 -9999 -9999 -9999 -9999 -9999 15.43 25.95 14.8 8.31 8.85 12 13.18 9.9 8.41 10.65 8.19 17.87 13.11 10.08 11.87 25.25 33.86 25.9 28.62 29.69 25.75 26.46 26.73 26.36 25.67 22.61 25.08 28.62 27.73 26.63 25.2 24.98 25.46 23.8 22.47 26.6 25.66 23.79 20.88 19.25 19.96 21.91 22.94 28.72 28.8 25.67 22.5 23.79 19.53 16.78 20.38 22.04 20.64 18.64 19.84 21.15 21.38 20.44 21.06 20.79 23.51 21.12 25.15 32.26 30.43 29.7 32.49 30.66 28.8
-9999 -9999 -9999 -9999 -9999 -9999 -9999 -9999 27.92 19.01 21.44 21.45 21.8 24.37 17.04 18.48 10.83 8.27 17.76 16.24 18.92 12.9 13.52 15.68 28.3 31.83 28.2 27.63 26.13 24.78 30.58 27.06 25.49 26.73 28.4 27.89 26.86 27.95 25.06 25.76 23.25 24.04 26.19 23.89 22.93 25.64 23.81 20.47 24.67 24.1 26.27 24.55 26.2 25.79 22.25 21.07 13.51 16.96 20.17 20.24 23.3 24.13 22 23.21 23.63 13.65 19.69 25.07 26.72 28.51 26.53 25.45 18.66 21.05 33.06 31.72 33.9
-9999 -9999 -9999 -9999 -9999 -9999 -9999 -9999 28.42 14.83 11.21 20.22 17.98 12.73 18.8 22.09 11.4 15.34 15.29 21.18 14.85 11.16 9.16 15.48 28.45 27.55 32.55 26.8 27.79 27.12 35.08 30.37 28.21 31.92 29.77 25.16 27.5 31.76 30.06 26.2 27.07 26.38 26.65 20.34 22.7 24.67 24.28 23.73 24.83 25.13 27.11 24.77 25.02 23.73 24.16 21.97 14.25 19.01 21.03 22.13 23.17 21.75 22.6 22.89 20.98 26.09 23.93 23.12 20.91 31.66 35.48 29.84 11.22 19.43 33.69 31.64 26.45
-9999 -9999 -9999 -9999 -9999 -9999 -9999 17.01 24 31.02 22.67 8.39 17.07 15.73 16.61 13.31 15.47 12.94 8.54 19.68 18.04 19 11.84 17.84 29.31 29.74 30.85 26.49 26.82 30.38 30.48 33.73 29.24 31.09 29.98 27.22 27.88 29.92 28.17 25.31 25.81 30.34 22.94 23.5 25.44 27.36 27.27 24.16 24.7 25.28 25.28 23.34 24.16 22.95 23.51 24.04 20.12 21.11 23.44 21.76 27.93 30.82 32.89 26.45 31.91 30.31 22.38 19.14 20.54 18.9 18.36 14.91 14.51 19.45 26.88 20.47 28.53
-9999 -9999 -9999 -9999 -9999 -9999 -9999 18.83 25.38 27.98 30.64 26.68 21 20.49 18.74 16.33 18.1 13.41 12.9 17.05 19.75 25.45 18.98 18.13 26.79 29.95 28.72 31.16 27.5 30.49 36.16 32.79 28.43 28.79 24.39 33.05 26.56 28.76 25.33 22.73 28.33 26.58 25.94 24.94 25.85 25.28 24.51 25.56 26.05 24.54 23.81 25.12 25.15 23.28 25.05 23.78 23.79 20.06 20.09 22.95 32.59 24.48 25.41 22.37 23.79 22.44 17.09 12.55 14.59 16.27 17.51 14.06 17.82 18.37 17.11 22.24 30.89
-9999 -9999 -9999 -9999 -9999 -9999 -9999 10.97 25.33 26.09 29.64 28.52 32.08 21.83 15.45 18.89 18.58 22.93 21.23 21.91 23.83 19.27 29.44 26.85 28.98 34.58 30.13 31.19 26.56 25.14 30.38 33.6 30.06 33.29 32.76 33.55 33.76 26.11 26.33 26.39 31.1 25.19 23.82 25.7 27.44 21.63 22.78 22.17 24.17 19.02 25.74 26.87 22.99 26.18 22.68 22.34 22.45 21.63 18.53 26.73 31.97 19.28 15.19 11.17 12.88 16.78 19.23 14.6 19.39 22.8 24.66 17.13 17.85 16.45 18.52 23.85 25.87
-9999 -9999 -9999 -9999 -9999 -9999 -9999 20.88 16.22 23.55 26.18 29.74 23.11 29.64 23.56 17.56 13.59 17.96 21.52 18.89 23.72 26.22 34.52 36.45 29.96 29.56 28.95 21.3 25.38 20.2 26.54 33.46 33.54 34.56 35.35 27.86 33.49 31.21 29.92 26.91 31.58 27.61 25.91 24.82 24.58 24.91 24.36 22.55 27.84 23.31 24.89 23.09 23.99 28.03 23.42 20.24 21.61 22.66 18.64 23.98 30.71 22.17 18.47 16.75 15.79 18.4 20.61 15.75 25.33 21.61 31.12 31.71 33.67 28.5 20.12 23.7 24.26
-9999 -9999 -9999 -9999 -9999 -9999 -9999 25.89 14.39 24.22 26.85 31.61 28.62 24.57 24.16 26.43 18.03 16.53 19.01 21.56 21.7 24.52 33.51 35.27 31.06 24.27 26.01 21.62 26.02 17.16 19.31 36.14 31.99 33.01 32.87 27.09 27.46 28.75 28.19 30.83 34.31 29.4 25.12 24.02 26.2 24.21 28.49 24.8 24.72 24.66 24.71 25.32 24.76 23.12 22.49 24.11 26.68 21.21 20.67 21.16 31.3 35.66 29.06 21.1 16.57 21.31 18.48 23.72 33.45 33.64 28.09 25.11 19.26 23.83 25.99 28.55 27.64
-9999 -9999 -9999 -9999 -9999 -9999 26.51 25.46 14 11.36 24.34 28.64 29.82 24.11 24.83 24.86 26.53 19.21 15.08 23.96 22.97 26.33 31.33 36.14 36.44 26.39 17.86 32.16 28.56 18.44 14.99 34.44 33.62 34.89 36.57 28.33 29.27 23.43 23.75 27.81 30.43 32.26 25.43 25.25 27.23 26.25 27.65 25.85 18.19 10.39 22.29 25.38 24.66 22.12 21.17 23.42 25.6 20.05 22.89 20.46 30.23 30.69 32.35 19.19 17.9 19 21.37 28.07 32.96 33.25 28.95 28.09 19.57 25.36 26.3 26.27 32.62
-9999 -9999 -9999 -9999 -9999 -9999 28.74 23.21 9.66 9.95 20.87 26.25 25.72 25.02 22.22 19.05 16.91 26.01 25.42 29.92 29.58 29.47 30.57 30.42 30.67 28.06 21.56 21.52 20.73 20.06 18.46 28.37 25.24 26.37 19.88 27.55 32.39 32.39 33.29 30.61 24.81 26.85 31.4 31.58 29.94 26.44 28.67 26.21 19.78 11.85 21.95 24.18 23.35 22.06 21.5 24.04 19.46 20.55 21.62 23.34 29.16 28.33 32.67 32.73 26.54 21.65 26.31 32.34 31.66 26.3 24.58 28.88 24.31 26.88 28.31 30.05 33.62
