slides/data/canopy100m_cl.txt
ncols         169
nrows         382
xllcorner     813515.0021541
yllcorner     1119250.21741
cellsize      100
NODATA_value  -9999
[rows 136 to 169 of 382, columns 77 to 153 of 169]
36.39 34.58 42.92 37.12 34.64 37.73 31.52 35.24 37.1 34.21 34.21 35.43 34.44 37.65 36.46 34.87 35.23 37.2 34.93 37.46 34.24 32.79 25.6 18.62 26.8 35.8 32.06 35.45 29.26 25.82 33.07 35.65 28.25 26.25 33.31 29.25 22.93 30.88 32.98 35.32 31.1 37.68 31.4 35.58 34.38 36.71 31.77 33.51 34.04 33.5 32.69 37 26.74 25.9 23.82 23.52 18.16 23.68 35.91 31.54 32.12 27.13 12.61 12.47 -9999 -9999 -9999 -9999 -9999 -9999 -9999 -9999 -9999 -9999 -9999 -9999 -9999
31.56 37.38 42.47 34.94 29.34 36.05 38.28 36.33 37.9 35.5 32.69 35.9 37.81 36.63 33.96 32.58 31.87 29.16 27.56 33.22 37.59 31.66 37.64 28.85 31.04 36.06 33.65 35.44 28.87 26.94 29.14 33.88 30.78 25.83 26.35 30.08 25.73 23.7 29.9 39.49 36.64 35.17 34.17 37.02 36.87 33.61 33 32.92 35 36.51 38.58 31.69 29 24.39 14.99 13.02 22.12 15.69 19.38 22.86 22.92 28.76 18.53 8.57 -9999 -9999 -9999 -9999 -9999 -9999 -9999 -9999 -9999 -9999 -9999 -9999 -9999
36.81 37.54 40.54 36.42 35.27 36.77 38.28 35.74 33.21 32.76 35.41 35.88 37.32 36.36 37.26 36.38 32.16 35.41 40.51 39.72 31.96 30.31 35.85 37.7 32.9 31.79 30.94 34.77 29 32.52 32.18 27.38 31.24 28.83 28.53 31.24 28 21.42 29.25 36.84 33.73 32.87 27.25 32.43 29.14 32.83 31.57 31.89 35.94 39.54 34.91 31.25 23.16 24.66 22.96 27.68 33.29 15.02 11.82 29.18 26.26 22.66 18.12 19.34 -9999 -9999 -9999 -9999 -9999 -9999 -9999 -9999 -9999 -9999 -9999 -9999 -9999
37.56 36.54 41.25 36.65 33.54 34.61 39.86 33.92 34.85 34.06 31.28 30.68 36.05 38.23 37.85 38.65 35.99 37.27 35.07 36.5 34.75 29.3 30.02 36.73 38.43 36.2 33.14 34.82 26.84 28.45 28.46 27.56 25.43 31.38 29.64 32.36 36.42 26.56 26.89 35.48 28.75 26.04 23.75 29.79 23.24 20.71 21.88 23.5 36.92 37.95 30.61 24.09 29.97 33.79 34.9 34.98 33.06 20.52 11.29 25.47 23.58 21.94 27.59 31.19 -9999 -9999 -9999 -9999 -9999 -9999 -9999 -9999 -9999 -9999 -9999 -9999 -9999
30.08 35.67 41.73 38.71 38.16 37.94 35.57 36.61 33.75 34.77 33.15 34.17 32.62 36.28 35.19 35.76 34.35 36.6 40.7 35.78 32.73 35.82 33.65 35.98 34.45 37.13 34.19 32.5 23.53 37.89 31.87 32.61 30.07 30.09 29.94 34.79 35.98 24.98 24.57 34.46 31.64 31.07 21.27 23.45 23.23 21.37 27.24 35.22 34.09 34.47 27.78 18.59 24.23 33.24 37.85 36.39 22.88 17.31 19.84 19.88 24.37 26.93 32.15 30.82 -9999 -9999 -9999 -9999 -9999 -9999 -9999 -9999 -9999 -9999 -9999 -9999 -9999
31.75 33.12 41.38 38.96 36.33 32.73 32.08 35.2 33.22 35.01 33.99 33.87 33.73 33.15 29.72 34.55 33.61 39.98 41.93 33.6 36.71 37.5 38.64 36.49 33.84 35.13 36.7 29.97 26.54 30.11 27.58 27.57 29.35 35.92 34.38 34.9 29.15 21.53 26.58 27.17 32.3 26.88 23.17 21.09 24.73 23.51 32.81 31.75 25.3 26.09 26.04 25.68 25.53 32.16 34 35.02 17.86 11.53 25.96 16.7 9.28 30.03 33.2 -9999 -9999 -9999 -9999 -9999 -9999 -9999 -9999 -9999 -9999 -9999 -9999 -9999 -9999
36.6 33.58 36.11 37.91 35.96 33.75 29.78 34 29.73 30.89 32.07 33.45 33.37 33.62 36.61 36.41 38.41 37.7 38.66 33.72 37.03 30.85 36.65 37.35 35.95 35.41 35.72 33.92 30.94 29.03 28.64 29.79 27.11 32.11 33.88 29.55 28.97 28.31 22.35 22.9 36.04 31.15 19.74 23.7 20.56 20.49 30.64 22.51 20.76 19.61 26.63 33.66 28.2 26.36 36.78 28.69 18.72 19.74 22.09 13.48 17.24 26.61 34.3 -9999 -9999 -9999 -9999 -9999 -9999 -9999 -9999 -9999 -9999 -9999 -9999 -9999 -9999
31.66 33.29 33.21 41.79 32.73 29.56 30.2 36.46 30.64 33.97 35.14 35.02 31.98 35.85 37.57 35.06 36.52 32.68 32.17 31.24 28.99 28.23 26.1 34.12 37.63 38.65 37.63 36.63 30.38 30.07 32.14 27.51 29.39 28.56 30.91 27.43 27.64 27.63 28.19 17.79 31.57 36.11 30.59 25.88 17.6 25.78 29.32 17.25 13.24 11.88 15.25 24.57 28.56 32.44 37.04 26.15 21.62 17.3 10.67 9.31 11.65 18.12 25.38 -9999 -9999 -9999 -9999 -9999 -9999 -9999 -9999 -9999 -9999 -9999 -9999 -9999 -9999
32.62 32.15 32.46 35.81 29.44 31.99 32.16 36.07 34 35.5 37.94 33.78 35.44 35.54 34.87 35.59 37.47 37.57 37.06 33.43 26.7 29.85 32.91 33.32 34.98 35.71 35.84 35.99 32.29 30.49 31.42 32.54 31.52 32.06 32.35 28.87 26.88 24.71 23.46 24.9 27.74 30.39 21.28 22.68 23.23 21.94 19.64 15.01 12.6 11.33 11.92 14.08 25.26 24.04 24.04 21.35 12.71 15.69 14.05 4.43 9.25 8.69 22.07 -9999 -9999 -9999 -9999 -9999 -9999 -9999 -9999 -9999 -9999 -9999 -9999 -9999 -9999
36.59 31.63 38.12 34.87 30.79 27.79 34.05 32.97 33.73 33.84 38.69 38.53 39.76 34.96 37.04 39.67 37.62 31.92 29.54 27.07 31.14 35.25 30.96 32.71 36.96 36.89 35.12 33.79 34.5 28.9 26.61 25.41 25.08 28.23 28.29 27.89 27.95 27.14 22.8 25.23 23.83 32.17 24.4 21.81 30.55 23.21 14.05 18.78 15.24 12.96 13.05 15.5 24.54 16.21 11.66 12.25 19.73 24.31 21.36 11.96 7.2 12.53 12.98 -9999 -9999 -9999 -9999 -9999 -9999 -9999 -9999 -9999 -9999 -9999 -9999 -9999 -9999
35.52 39.32 37.93 35.62 31.79 31.73 35.66 36.75 38 36.88 34.45 37.85 35.33 36.45 36.61 37.07 30.2 32.87 31.98 31.6 31.03 35.02 32.43 34.59 37.69 37.55 31.44 30.54 38.95 33.14 28.27 25.57 28.72 29.98 30.72 27.13 27.57 25.75 26.24 26.06 23.88 20.6 22.91 25.19 30.71 24.17 20.41 21.93 13.82 17.14 16.7 18.92 15.05 12.62 11.9 13.88 12.31 14.88 17.63 21.2 20.44 8.46 -9999 -9999 -9999 -9999 -9999 -9999 -9999 -9999 -9999 -9999 -9999 -9999 -9999 -9999 -9999
37.47 37.34 28.78 35.87 29.82 31.43 37.61 30 35.41 32.52 33.68 32.19 35.8 34.84 37.29 37.42 33.63 35.34 33.38 32.02 30.9 32.85 33.54 29.11 39.18 36.41 31.92 30.43 35.5 32.78 27.89 23.07 28.5 34.37 35.09 28.51 24.15 26.63 22.59 23 22.44 27.38 30.53 19.8 25.26 17.44 13.74 16.05 25.23 26.82 22.06 22.79 15.65 10.19 13.15 18.17 13.11 17.23 24.98 28.81 31.36 18.43 -9999 -9999 -9999 -9999 -9999 -9999 -9999 -9999 -9999 -9999 -9999 -9999 -9999 -9999 -9999
35.45 35.69 31.66 31.85 28.93 32.5 35.14 33.79 33.48 33.7 29.41 26.04 32.53 36.1 35.09 36.91 36.57 36.06 36.4 30.81 31.93 35.51 29.65 23.93 37.87 35.81 26.34 29.67 26.42 30.62 32.52 25.72 32.56 36.64 39.79 33.13 30.53 32.85 26.99 26.07 27.25 26.62 27.55 19.81 22.04 8.21 4.3 12.23 21.01 24.93 29.5 23.26 17.54 10.45 11.22 17.39 15.88 18.13 26.81 28.42 33.66 30.35 -9999 -9999 -9999 -9999 -9999 -9999 -9999 -9999 -9999 -9999 -9999 -9999 -9999 -9999 -9999
32.11 31.17 34.33 31.69 30.12 35.75 36.7 35.45 32.08 36.51 31.38 36.26 34.79 36.62 34.36 33.13 33.03 38 31.22 35.62 34.33 36.41 29.61 31.24 40.7 40.88 30.44 27.8 26.2 27.32 35.05 27.62 30.32 31.89 29.78 27.98 22.94 27.5 25.73 22.3 23.21 28.43 26.37 20.92 17.35 6.32 4.06 7.1 20.07 30.99 26.2 23.22 17.08 11.98 12.1 15.69 21.23 26.9 27.41 28.2 32.45 30.27 -9999 -9999 -9999 -9999 -9999 -9999 -9999 -9999 -9999 -9999 -9999 -9999 -9999 -9999 -9999
23.69 29.58 33.31 32.88 34.22 35.89 34.76 36.06 35.4 36.6 28.97 30.91 35.24 36.1 33.41 34.95 32.15 36.15 36.45 37.37 38.3 35.42 29.32 37.59 38.16 39.58 33.49 26.98 31.24 30.83 34.2 26.54 23.73 23.89 25.29 29.95 27.56 24.6 17.6 21.43 25.02 22.31 21.22 17.96 13.68 5 5.19 9.75 19.92 29.96 29.84 29.78 26.64 16.3 9.82 5.82 20.74 25.92 28.06 27.59 27.33 -9999 -9999 -9999 -9999 -9999 -9999 -9999 -9999 -9999 -9999 -9999 -9999 -9999 -9999 -9999 -9999
24.21 29.68 31.45 39.04 39.17 33.82 38.66 31.61 33.95 29.78 30.22 36.65 34.55 30.12 33.51 32.35 34.78 34.03 39.48 36.08 36.03 34.85 28.54 36.22 36.47 36.38 36.52 30.89 30.05 29.64 29.52 29.36 23.09 25.63 23.28 26.77 28.85 20.39 15.05 24.5 25.31 16.17 11.34 9.7 7.3 5.39 10.49 15.52 15.89 26.02 28.67 27.41 29.65 21.99 12.48 8.25 17.73 25.57 27.82 27.97 26.74 -9999 -9999 -9999 -9999 -9999 -9999 -9999 -9999 -9999 -9999 -9999 -9999 -9999 -9999 -9999 -9999
33.31 29.5 29.23 32.08 35.88 26.29 35.17 34.26 34.61 27.22 31.28 37.55 34.33 35.95 32.08 34.91 35.16 37.33 38.87 34.88 37.21 35.33 28.73 32.11 33.1 39.41 38.47 37.76 38.17 30.13 29.02 30.14 30.66 30.46 24.69 22.17 20.16 14.69 18.95 18.89 16.96 11.9 16.19 10.55 9.12 5.47 5.9 6.7 12 17.01 23.39 29.44 29.34 16.8 5.82 7.93 12.98 24.69 29.4 23.21 15.99 -9999 -9999 -9999 -9999 -9999 -9999 -9999 -9999 -9999 -9999 -9999 -9999 -9999 -9999 -9999 -9999
28.71 25.77 28.64 34.09 37.29 29.32 35.33 33.2 33.89 30.5 34.21 39.9 36.93 32.51 32.03 33.53 33.43 36.22 34.81 31.71 27.93 32.46 34.23 35.23 25.51 41.4 37.68 37.24 37.33 28.81 31.66 32.51 31.08 28.78 26.44 21.25 14.55 12.53 26.04 10.36 9.82 11.27 12.76 6.83 9.06 4.33 5.53 4.74 7.36 17.45 8.99 26.06 30.2 21.66 8.1 5.87 8.81 22.75 22.9 21.14 18.87 -9999 -9999 -9999 -9999 -9999 -9999 -9999 -9999 -9999 -9999 -9999 -9999 -9999 -9999 -9999 -9999
31.91 30.25 30.62 40.18 31.58 33.26 29.95 38.27 35.78 30.44 34.46 35.37 39.41 34.13 35.95 34.73 33.73 36.74 31.54 32.03 30.64 31.78 35.55 30.59 27.78 41.36 37.58 36.07 36.58 31.44 29.28 30.87 28.2 20.49 20.18 15.96 14.94 27.07 20.12 10.52 11.29 12.59 4.9 5.4 5.71 6.56 9.11 7.32 15.96 15.06 7.43 14.5 25.57 21.43 6.46 11.29 10.66 12.44 15.18 12.33 13.92 -9999 -9999 -9999 -9999 -9999 -9999 -9999 -9999 -9999 -9999 -9999 -9999 -9999 -9999 -9999 -9999
27.68 34.34 32.8 35.07 28.51 31.8 31.58 32.05 31.75 29.88 36.64 34.13 38.37 37.33 34.65 33.18 32.59 34.46 35.26 36.62 30.71 29.61 32.67 31.93 35.7 38.12 35.18 40.02 33.75 27.8 29.33 29.23 27.57 19.15 14.48 15.6 17.91 27.24 17.8 7.93 17.23 24.43 6.62 4.4 5.57 4.53 12.51 15.86 22.41 22.46 19.5 13.31 20.12 16.32 17.84 10.33 9.2 18.96 25.2 10.1 -9999 -9999 -9999 -9999 -9999 -9999 -9999 -9999 -9999 -9999 -9999 -9999 -9999 -9999 -9999 -9999 -9999
30.45 28.05 34.07 37.75 28.16 35.03 29.24 34.49 31.12 30.28 34.81 35.35 39.27 38.14 37.72 33.26 30.21 35.1 35.16 35.52 31.48 33.77 28.55 39.78 38.98 34.55 34.66 36.05 35.56 29.35 26.67 26.2 23.57 16.96 22.1 26.35 28.1 28.92 14.39 15.82 17.97 19.87 6.05 6.07 15.18 11.74 13.71 24.79 20.76 31.78 24.07 18.22 22.9 26.64 23.64 15.82 13.83 15.35 19.48 21.14 -9999 -9999 -9999 -9999 -9999 -9999 -9999 -9999 -9999 -9999 -9999 -9999 -9999 -9999 -9999 -9999 -9999
27.78 28.83 39.06 37.78 34.21 35.84 34.89 38.73 27.7 28.13 31.19 35.96 36.32 40.61 37.91 33 34.42 34.6 30.19 31.93 32.67 36.39 33.19 32.58 37.2 37.79 38.2 37.88 35.75 23.78 24.96 28.75 24.93 28.02 33.09 30.35 30.65 26.7 24.68 13.56 17.44 6.45 5.37 10.89 20.06 16.04 24.58 26.2 16.13 30.36 20.96 26.15 26.45 29.26 23.25 20.55 20.05 14.69 12.77 18.2 -9999 -9999 -9999 -9999 -9999 -9999 -9999 -9999 -9999 -9999 -9999 -9999 -9999 -9999 -9999 -9999 -9999
33.07 29.08 34.08 35.36 38.86 32.34 35.99 38.94 31.69 33.49 32.73 34.36 35.54 39.07 35.92 35.9 36.02 34.67 34.84 34.22 36.24 33.92 34.34 34.78 34.71 30.26 33.81 37.72 35.76 27.28 26.32 25.26 31.85 29.51 27.81 23.48 30.84 29.48 29.56 20.54 12.41 3.33 4.22 10.37 19 18.09 26.75 20.56 14.14 17.57 12.4 21.33 25.26 27.7 20.8 23.85 29.34 17.51 12.04 24.31 -9999 -9999 -9999 -9999 -9999 -9999 -9999 -9999 -9999 -9999 -9999 -9999 -9999 -9999 -9999 -9999 -9999
28.64 27.92 31.48 37.25 40.02 28.87 30.04 34.39 33.39 35.63 30.8 33.97 28.98 33.33 37.01 34.57 33.35 34.26 34.1 31.44 36.71 33.68 33.62 32.81 32.39 30.06 33.19 33.43 26.91 27.89 29.79 31.68 29.43 25.78 21.46 21.54 27.58 32.84 29.97 30.08 20.02 11.17 10.99 12.77 12.83 20 27.17 25.39 19.21 17.45 17.54 31.55 34.96 29.18 21.5 29.75 30.02 29.49 32.54 -9999 -9999 -9999 -9999 -9999 -9999 -9999 -9999 -9999 -9999 -9999 -9999 -9999 -9999 -9999 -9999 -9999 -9999
28.68 29.36 38.53 39.31 34.16 28.33 32.39 28.54 30.18 33.99 35.46 34.76 32.65 35.35 35.79 32.83 33.61 29.94 33.04 34.17 31.18 33.82 31.02 27.24 31.44 32.7 31.58 30.04 28.07 31.46 33.18 31.04 28.33 25.19 24.88 29.33 34.45 31.58 30.2 21.25 28.83 20.19 15.59 20.43 17.43 24.05 25.89 21.01 22.05 19.95 23.74 28.84 31.66 30.3 29.58 26.56 22.75 25.95 28.78 -9999 -9999 -9999 -9999 -9999 -9999 -9999 -9999 -9999 -9999 -9999 -9999 -9999 -9999 -9999 -9999 -9999 -9999
27.98 36.83 36.85 39.12 31.43 31.82 36.01 30.64 33.14 34.73 37.02 33.46 34.31 35 40.34 33.31 33.18 34.71 31.46 33.39 26.16 30.12 24.82 28.01 30.54 33.42 34.02 28.71 32.54 32.31 32.75 28.45 25.37 22.55 22.43 29.32 35.44 31.96 31.92 26.3 33.06 31.69 23.79 22.13 24.31 26.42 22.23 18.66 23.17 25.82 31.22 29.47 27.75 29.02 31.19 24.55 26.11 24.39 25.95 -9999 -9999 -9999 -9999 -9999 -9999 -9999 -9999 -9999 -9999 -9999 -9999 -9999 -9999 -9999 -9999 -9999 -9999
32.22 39.41 37.96 33.93 31.39 34.8 33.76 30.23 27.69 34.37 31.49 35.45 38.87 36.19 36.04 34.96 34.24 30.52 28.1 31.03 29.68 24.57 22.61 30.94 36.86 31.16 33.07 28.12 30.99 30.31 32.06 27.09 26.74 29.28 20.92 30.57 35.37 32.4 27.63 26.14 30.78 29.99 32.53 24.39 27.37 26.65 20.11 21.03 29.37 28.15 27.72 25.86 28.92 30.02 25.25 22.71 25.25 23.72 30.7 -9999 -9999 -9999 -9999 -9999 -9999 -9999 -9999 -9999 -9999 -9999 -9999 -9999 -9999 -9999 -9999 -9999 -9999
30.96 41.27 34.29 37.35 27.81 28.89 30.67 31.92 27.26 30.4 35.19 38.07 35.87 37.24 36.63 35.8 33.23 29.17 33.93 30.83 25.83 24.48 26.31 35.03 29.6 28.31 30.09 34.83 31.05 34.1 26.24 27.1 27.82 32.82 30.35 31.34 30.63 29.68 21.4 29.35 32.19 28.64 28.97 31.55 24.93 25.14 27.11 31.07 26.55 30.39 31.35 33.13 28.54 26.05 23.74 23.45 25.55 23.77 32.99 -9999 -9999 -9999 -9999 -9999 -9999 -9999 -9999 -9999 -9999 -9999 -9999 -9999 -9999 -9999 -9999 -9999 -9999
35.48 37.96 35.44 37.02 35.61 34.19 30.19 30.44 29 28.28 28.71 37.25 35.88 36.05 34.72 37.21 36.02 34.18 30.75 28.04 29.64 26.51 23.9 28.45 29.54 29.08 30.25 33.8 32.78 24.42 30.13 27.15 27.6 24.78 23.39 24.13 24.9 26.06 19.82 30.75 26 24.59 22.02 28.02 32.01 24.23 31.99 30.16 24.18 32.19 28.62 30.49 22.86 24.69 23.34 23.84 25.89 23.1 -9999 -9999 -9999 -9999 -9999 -9999 -9999 -9999 -9999 -9999 -9999 -9999 -9999 -9999 -9999 -9999 -9999 -9999 -9999
36.8 37.3 39.83 35.5 36.55 37.65 30.26 28.72 33.08 26.91 33.45 37.69 32.85 34.08 28.96 32.59 38.21 33.74 31.33 30.13 34.44 27.63 28.06 24.55 30.69 25.9 31.24 35.08 29.37 26.67 29.56 27.16 27.95 23.84 22.03 22.65 21.04 18.71 24.83 23.77 22.1 20.25 21.99 25.02 33.26 29.52 31.79 32.55 29.68 32.29 22.15 25.49 24.05 24.61 24.97 20.77 25.63 22.47 -9999 -9999 -9999 -9999 -9999 -9999 -9999 -9999 -9999 -9999 -9999 -9999 -9999 -9999 -9999 -9999 -9999 -9999 -9999
39.24 39.43 38.89 33.75 35.78 33.62 28.85 31.88 35.28 35.14 37.17 34.48 34 31.4 29.7 36.37 35.41 37.32 34.62 34.04 32.75 26.98 24.84 28.65 28.12 30.18 31.18 25.74 29.25 25 25.51 30.48 23.62 21.35 19.73 21.45 20.87 19.24 25.43 20.92 21.08 15.13 12.12 24.92 26.59 34.11 32.19 28.08 32.14 31.16 20.09 23.33 24.05 22.18 25.48 25.85 19.2 18.63 -9999 -9999 -9999 -9999 -9999 -9999 -9999 -9999 -9999 -9999 -9999 -9999 -9999 -9999 -9999 -9999 -9999 -9999 -9999
40.43 35.43 34.16 31.79 32.18 29.91 27.35 28.09 36.43 36.83 36.14 38.1 33.66 31.71 32.34 35.09 34.33 33.8 32.84 34.31 32.23 26.73 23.52 30.9 27.86 27.3 22.2 27.8 27.27 27.04 24.22 24 18.29 17.18 21.48 23.91 24.82 20.22 22.79 24.27 17.17 12.19 13.28 25.12 35 34 33.01 34.72 32.78 27.64 27.44 26.67 25.94 27.71 28.34 20.27 15.17 15.94 -9999 -9999 -9999 -9999 -9999 -9999 -9999 -9999 -9999 -9999 -9999 -9999 -9999 -9999 -9999 -9999 -9999 -9999 -9999
38.2 36.49 35.42 33.24 24.68 31.52 25.2 29.93 36.53 35.28 34.44 35.37 34.5 33.89 29.34 34.63 35.96 32.95 33.92 35.34 29.52 31.23 28.98 31.5 32.92 30.61 21.89 25.6 26.02 28.52 24.65 23.33 15.56 17.49 17.29 15.45 17.95 21.15 25.34 25.73 24.21 17.45 12.36 23.25 30.56 33.4 21.36 30.74 27.37 30.17 33.65 29 26.55 29.97 34.32 28.15 15.68 -9999 -9999 -9999 -9999 -9999 -9999 -9999 -9999 -9999 -9999 -9999 -9999 -9999 -9999 -9999 -9999 -9999 -9999 -9999 -9999
39.88 38.93 27.95 34.11 27.58 28.74 27.42 29.51 36.24 35.53 34.95 35.93 34.56 34.49 33.57 34.14 34.53 35 36.58 34.84 29.68 30.96 30.22 31.12 35.55 33.27 20.16 24 28.81 28.01 31.62 29.04 21.72 13.92 12.01 11.05 14.36 22.08 26.52 28.06 28.83 30.91 18.52 21.33 16.92 22.6 18.52 28.17 34.65 35.66 31.24 34.25 36.48 32.49 28.17 29.36 27.82 -9999 -9999 -9999 -9999 -9999 -9999 -9999 -9999 -9999 -9999 -9999 -9999 -9999 -9999 -9999 -9999 -9999 -9999 -9999 -9999
