slides/data/canopy100m_cl.txt
ncols         169
nrows         382
xllcorner     813515.0021541
yllcorner     1119250.21741
cellsize      100
NODATA_value  -9999
[rows 340 to 373 of 382, columns 0 to 76 of 169]
-9999 -9999 -9999 -9999 -9999 -9999 9.32 9.32 13.49 9.09 18.09 22.98 19.56 28.22 28.64 24.37 16.99 21.3 25.19 27.47 34.73 30.67 24.87 26.25 26.23 27.13 26.52 19.79 22.2 25.17 22.91 21.42 24.32 35.72 32.33 30.43 36.64 34.59 27.63 31.23 29.08 27.66 27.11 24.31 28.73 27.42 30.88 27.97 25.21 22.37 20.81 22.56 25.02 22.8 21.23 23.86 20.7 22.88 23.43 25.3 18.55 27.08 30.43 30.73 26.76 27.22 29.44 29.15 23.6 27 35.5 29.4 27.95 27.66 19.01 27.77 28.64
-9999 -9999 -9999 -9999 -9999 -9999 7.85 7.88 11.84 9.71 17.79 27.41 21.41 29.02 28.08 26.83 22.25 16 25.49 24.89 34.31 34.48 27.05 26.12 29.28 28.75 26.02 26.72 26.08 27.5 30.3 24.39 17.82 34.59 36.97 35.41 36.11 34.49 27.87 27.75 30.32 31.44 28.26 25.29 29.28 25.44 25.01 25.94 25.88 24.66 22.16 22.05 24.52 22.86 19.62 23.12 19.59 20.3 25.63 26.42 22.77 24.01 31.84 33.12 29.08 33.28 30.54 27.17 27.55 28.37 31.91 32.83 26.8 29.24 30.29 33.11 24.64
-9999 -9999 -9999 -9999 -9999 26.86 13.92 10.65 7.25 8.56 25.5 26.81 26.8 26.38 28.21 26.63 18.46 15.5 16.22 22.98 28.67 34.65 25.31 23.69 27.33 29.91 28.93 28.42 29.32 27.51 32.84 32.16 32.96 36.16 36.09 32.78 34.62 38.39 28.25 28.75 33.29 32.81 28.63 26.15 30.11 23.96 23.25 25.54 26.25 21.42 24.53 21.92 25.28 21.1 21.83 22.34 24.23 22.8 25.29 24.42 20.15 32.59 31.13 31.13 34.85 23.3 28.05 27.04 24.83 24.03 27.52 27.24 30.89 28.82 26.47 31.68 28.22
-9999 -9999 -9999 -9999 -9999 21.78 20.45 12.28 11.67 4.7 25.94 23.07 29.39 21.48 25.04 27.12 20.29 20.51 21.89 19.36 26.81 32.46 29.04 20.22 28.66 32.61 33.51 28.93 28.57 31.18 34.03 31.69 37.29 35.16 28.34 30.02 35.29 34.3 27.13 34.15 37.03 35.13 29.27 26.99 29.99 23.56 24.64 24.78 27 21.61 23.55 22.29 24.27 23.19 21.14 23.37 20.47 22.15 23.86 21.34 27.2 30.56 27.68 31.64 31.77 33.12 31.05 25.18 24.07 25.88 27.5 26.97 27.71 28.92 27.21 24.85 32.58
-9999 -9999 -9999 -9999 -9999 20.62 24.55 20.97 20.93 10.94 13.91 14.84 12.34 15.8 27.26 30.38 32.53 25.51 29.27 27.42 19.55 28.37 33.97 27.99 34.04 35.36 34.72 35.51 35.05 34.38 34.18 30.33 33.57 30.2 19.69 19.28 28.84 35.14 28.72 31.9 33.63 33.94 25.66 23.98 26.02 31.64 24.37 29.79 28.07 24.89 22.74 26.49 23.84 22.05 20.06 23.43 24.42 21.88 21.28 23.75 29.87 33.83 29.85 34.23 34.7 36.93 22 29.9 28.12 27.27 31.87 31.28 29.39 28.34 21.87 26.4 27.29
-9999 -9999 -9999 -9999 -9999 21.14 20.3 28.77 21.36 13.94 5.73 10.61 10.87 15.27 21.37 29.21 30.16 34.25 31.39 30.98 26.88 26.33 33.28 32.44 33.24 30.27 30.91 35.92 35.03 32.26 30.93 30.65 32.18 28.32 15.16 12.75 27.68 27.87 25.42 27.61 26.22 31.96 25.55 25.28 24.07 29.23 26.02 23.66 25.75 27.62 22.42 26.5 22.94 23.44 24.84 23.08 25.18 22.96 17.51 21.61 26.96 29.73 37.29 36.73 32.16 39.8 35.09 29.94 30.41 29.33 24.44 32.06 26.31 22.47 19.07 27.72 31.74
-9999 -9999 -9999 -9999 13.05 19.19 24.24 23.97 24.28 20.22 9.13 11.88 14.57 12.46 19.67 26.33 24.56 29.15 31.28 29.34 27.23 19.52 26.45 33.56 34.22 29.24 33.79 36.91 31.85 31.27 33.14 32.55 28.81 28.43 17.78 27.79 28.12 28.92 26.76 29.59 27.39 32 25.03 23.23 23.77 24.35 23.91 24.11 23.43 26.53 22.9 18.61 21.04 23.82 24.89 26.83 24.42 23.09 14.89 18.37 27.93 31.56 30.45 30.22 36.32 34.56 28.58 25.93 28.53 26.05 25.55 24.4 31.3 29.77 30.3 29.45 29.64
-9999 -9999 -9999 -9999 16.71 19.98 16.36 23.95 17.99 22.96 26.23 24.41 15.83 9.92 9.77 11.6 16.41 12.72 25.66 26.68 25.67 22.01 21.47 31.62 33.93 31.01 29.56 31.45 33.6 34.27 32.1 34.76 28.49 29.04 27.43 25.43 23.72 24.25 24.52 25.87 28.31 24.27 28.77 25.05 21.97 22.15 25.16 22.68 23.31 26.16 25.8 19.14 24.01 23.88 24.9 25.54 25.53 22.19 23.75 21.91 22.61 30.88 24.89 32.91 35.68 34.91 33.76 34.42 32.41 30.03 31.43 34.35 34.64 28.71 26.19 33 32.76
-9999 -9999 -9999 -9999 20.2 18.18 13.46 14.16 26.93 22.77 26.18 26.18 21.45 26.46 12.99 12.74 10.36 14.24 12.99 21.56 22.65 18.3 19.9 31.39 31.34 27.18 23.17 23.86 30.2 30.88 28.01 30.27 27.68 28.17 24.07 23.47 22.15 25.53 24.6 25.48 25.52 23.56 27.37 24.92 23.52 23.26 26.24 23.88 23.48 23.2 23.15 23.35 19.43 24.37 24.92 25.81 28.03 27.53 24.67 27.28 23.64 29.98 33.27 32.85 32.28 30.03 32.94 35.75 36.76 36.7 38.67 34.34 34.5 31.46 29.34 35.92 32.46
-9999 -9999 -9999 -9999 22.11 24.03 16.53 12.89 25.18 25.72 25.88 24.66 24.91 19.48 26.68 25.93 24.82 23.86 12.88 16.64 15.04 12.45 14.07 26.47 27.36 20.75 12.62 18.89 27.54 24.37 25.97 23.92 25.48 28.3 23.34 21.47 23.56 23.22 23.81 27.64 26.54 25.43 27.03 26.92 26.96 25.18 24.8 24.6 22.77 23.3 23.37 22.18 23.06 22.73 26.72 24.95 28.63 29.34 27.13 25.78 22.66 25.27 28.52 26.29 25.98 33.84 33.92 35.17 33.01 35.75 35.21 32.39 31.18 32.2 30.97 32.04 30.99
-9999 -9999 -9999 20.61 20.7 21.77 17.64 21.36 23.95 20.93 25.97 22.89 24.55 18.98 26.12 28.87 32.86 15.44 19.06 15.96 10.07 9.21 14.36 26.8 30.86 21.62 12.53 10.82 19.61 23.3 25.08 23.06 21.05 23.45 21.88 22.34 24.84 22.91 25.66 26.48 26.23 28.89 25.91 25.9 23.88 23.84 24.33 23.26 24 25.41 24.55 24.34 23.96 27.43 31.97 32.13 29.22 26.51 26.6 29 27.8 28.11 29.08 26.28 21.8 29.33 28.99 33.5 29.73 35.73 35.4 29.08 24.97 25.08 25.35 24.67 22.3
-9999 -9999 -9999 10.18 11.7 17.78 20.76 21.89 23.49 21.4 21.54 25.88 21.98 20 19.8 27.03 29.96 23.91 22.85 20.48 8.74 8.9 15.27 24.26 21.56 23.41 14.79 11.54 14.78 20.15 25.58 24.53 21.55 22.53 22.1 22.02 22.58 20.24 23.92 24 24.26 30.57 24.38 25.58 24.2 22.57 22.66 23.06 25.37 25.54 23.93 22.85 31.91 33.54 32.84 28.72 25.74 19.84 18.84 29.23 26.79 22.86 24.25 28.5 23.84 26.01 25.62 30.51 33 34.59 31.03 30.51 23.67 21.73 23.69 23.5 23.41
-9999 -9999 -9999 15.49 9.14 5.8 12.62 21.17 22.82 24.56 21.56 24.61 22.49 22.2 19.5 23.39 26.08 28.74 24.43 26.37 19.83 10.91 15.38 22.65 18.93 19.87 18.92 17.33 15.79 17.01 22.68 23.39 21.05 22.48 20.97 21.01 22.4 20.9 27.19 24.36 25.51 29.16 24.95 26.49 23.26 24.68 20.15 20.96 21.67 21.64 26.59 31.91 29.57 27.52 26.54 26.18 25.74 22.9 19.26 24.32 28.4 23.26 20.33 19.43 20.31 25.24 27.21 28.52 28.14 34.14 33.43 28.34 19.93 23.11 23.34 22.64 22.14
-9999 -9999 -9999 13.78 18 17.64 11.5 9.59 18.08 24.83 25.59 23.07 22.85 18.42 22.26 21.25 21.53 27.76 27.8 23.94 23.09 14.91 12.15 18.3 18.06 23.78 22.52 24.65 22.38 22.99 23.51 20.53 21.34 21.68 19.21 21.11 21.77 24.92 28.42 25.81 24.57 26.19 24.73 26.79 23.36 23.21 21.52 22.72 25.75 27.36 29.46 26.4 23.8 21.41 27 24.74 27.39 25.4 16.55 22.93 25.85 23.96 19.1 12.15 14.61 21.15 21.49 23.98 23.39 30.16 30.93 34.23 25.89 20.35 20.79 20.58 24.01
-9999 -9999 -9999 17.78 20.71 21.39 20.82 20.05 21.93 21.24 26.34 22.48 23.74 16.43 17.27 22.26 25.5 26.63 27.56 24.52 22.55 19.16 12.16 20.4 20.75 24.73 20.87 21.68 24.47 23.2 21.33 21.15 19.92 19.17 19 19.57 20.84 24.13 27.51 25.05 22.24 24.23 20.46 23.4 24.49 20.85 19.77 29.83 24.76 20.74 24.41 24.43 26.41 24.4 22.07 26.47 23.34 26.01 25.7 19.82 19.74 20.23 19.29 21.04 11.5 20.42 18.6 21.28 19.89 21.68 26.24 28.39 22.99 19.84 20.4 20.76 22.96
-9999 -9999 9.22 11.65 13.14 13.98 21.54 20.17 21.01 23.11 26.34 26.05 20.62 18.68 18.64 21.09 23.76 23.53 28.32 27.25 14.96 12.6 16.23 20.42 20.35 25.13 13.29 17.65 21.78 20.82 20.78 22.53 19.86 18.07 17.32 19.6 17.56 19.4 26.51 22.41 18.92 23.04 19.92 20.8 21.74 19.49 26.42 25.11 23.72 24.71 24.25 22.13 23.26 24.75 24.81 22.95 23.82 20.69 20.48 22.12 18.25 20.88 21.14 22.76 18.34 17.12 20.04 22.7 21.75 18.3 19.92 26.08 24.12 21.17 22.68 21.46 23.52
-9999 -9999 4.4 5.83 7.97 13.02 16.79 18.88 20.14 21.87 21.86 20.82 25.78 19.38 19.28 16.23 18.81 19.97 17.32 20.59 18.2 18.56 16.52 14.52 15.66 20.96 15.94 18.52 19.12 20.69 21.67 18.24 19.18 17.59 18 19.04 19.12 17.81 21.06 18.1 16.68 17.36 18.32 16.29 18.32 17.89 26.8 24.67 20.87 25.65 26.47 22.73 22.59 25.52 25.25 23.89 23.21 21.29 22.31 20.29 19.44 21.27 18.88 20.06 19.65 20.2 19.91 18.5 19.43 21.16 20.5 23.37 24.97 26.95 26.22 25.75 23.76
-9999 -9999 9.21 8.44 8.12 9.19 12.26 11.41 14.09 18.28 20.99 22.67 21.95 19.58 20.35 14.41 20.98 22.07 20.61 18.84 11.66 9.67 16.61 15.96 16.91 20.23 20.93 19.55 19.07 19.77 18.74 15.15 16.05 17.74 18.54 15.81 19.42 16.31 18.08 13.25 16.72 13.19 9.09 8.73 14.9 23.18 24.1 26.67 23.43 25.37 24.73 25.66 24.33 25.08 24.3 23.03 21.79 24.41 19.61 21.58 21.81 22.07 20.76 20.76 19.5 18.25 17.52 19.18 18.33 22.39 21.87 22.12 22.54 25.29 26.31 27.76 25.74
-9999 -9999 9.68 10.23 10.87 11.82 13.69 10.61 10.61 20.56 20.54 23.25 19.88 23.86 24.31 18.11 18.59 14.88 14.7 17.31 15.95 19.27 20.74 23.4 22.95 23.19 23.92 17.74 18.85 18.35 20.15 18.91 18.21 16.98 11.86 9.68 18.44 14.82 13.57 10.77 11.78 10.49 8.9 14.8 24.65 27.28 24.66 24.74 22.55 22.05 22.13 22.79 23.07 22.73 22.95 19.86 22.39 23.3 21.36 24.69 22.85 23.71 20.6 21.92 20.55 23.42 23.94 23.64 21.46 21.22 22.86 22.98 26.11 22.63 25.4 25.73 23.2
-9999 22.45 23.06 17.13 23.07 25.03 30.2 22.44 22.61 22.21 23.04 22.07 19.76 23.79 22.91 18.62 20.1 13.99 15.1 17.58 19.97 24.08 27.95 25.54 24.77 27.22 22.91 20.82 21.89 21.67 19.68 19.96 20.15 20.16 16.24 12.34 12.51 15.12 13.08 12.01 6.71 9.04 18.77 20.15 22.52 23.37 24.34 21.95 20.64 23.19 21.43 23.85 27.4 23.58 21.35 20.52 22.62 20.27 21.33 25.25 22.95 22.74 21.7 21.61 24.96 24.05 21.74 21.01 21.09 22.46 19 25.22 24.3 23.65 24.3 25.01 24.48
-9999 17.38 12 12.77 19.69 17.93 20.81 22.32 22.47 18.9 19.32 18.53 19.02 26.85 23.45 16.82 10.63 15.8 17.77 11.85 18.16 15.31 21.5 19.25 17.68 22.72 25.17 23.64 20.16 19.93 18.08 19.27 19.63 19.79 18.9 17.52 15.61 11.02 8.93 10.36 13.36 14.25 14.95 22.72 23.86 17.89 19.87 20.06 19.71 23.09 28.37 30.89 23.67 24.55 22.94 24.12 22.89 24.54 23.25 24.38 23.55 23.45 23.1 25.89 22.31 21.32 21.71 19.9 22.82 21.12 19.88 21.43 24.84 22.33 23.94 23.69 23.35
-9999 14.51 8.02 7.5 10.31 13.27 17.46 18.51 19.1 18.74 19.19 19.19 22.44 22.38 20.88 16.15 17.75 20.55 18.2 23.99 23.16 13.11 12.71 16.64 12.14 21.07 21.13 23.58 23.17 22.68 20.09 20.9 19.14 19.48 18.1 16.47 16.17 14.02 14.14 15.65 18.78 18.49 14.95 13.81 17.35 20.21 22.36 21.26 21.68 21.3 25.66 25.41 25.82 25.29 26.31 24.31 22.56 26.02 25.16 25.24 25.01 24.35 23.94 21.91 22.41 23.71 23.28 19.48 22.08 19.74 22.11 24.33 22.26 20.46 23.08 22.37 25.39
-9999 17 11.84 13.27 22.1 24.25 21.05 13.75 16.29 18.52 23.02 20.87 21.79 21.9 21.5 21.07 18.01 24.79 23.71 26.23 18.55 21.68 12.21 17.32 22.49 29.07 28.02 25.41 25.51 20.92 19.93 20.81 19.2 17 17.39 19.05 13.83 13.03 13.99 16.17 19.9 17.19 18.4 17.71 16.34 17.68 21.92 21.54 22.15 24.03 25.77 27.18 20.44 24.55 28.21 26.41 24.66 22.79 24.06 24.97 25.82 22.51 24.71 23.59 23.3 22.38 23.42 21.38 21.99 21.56 21.42 21.82 21.96 21.76 22.17 22.09 21.86
6.58 10.09 10.18 13.34 10.01 20.83 18.15 15.26 18.49 15.02 19.71 23.7 21.36 19.36 20.05 17.8 23.16 24.01 20.4 18.74 20.03 22.15 18.51 27.17 26.48 25.91 28.13 24.73 26.29 24.36 23.06 20.8 20.37 20.34 22.13 20.49 17.37 17.3 16.13 20.55 19.91 20.47 20.03 19.27 17.28 16.85 18.24 18.02 18.72 23.32 24.71 26.02 25.94 23.91 25.54 25.59 25.87 24.83 24.97 24.81 22.99 26.17 25.59 25.3 24.71 21.92 23.58 22.47 20.05 20.56 21.19 20.32 21.25 19.93 23.36 23.49 23.92
-9999 -9999 -9999 -9999 -9999 16.89 14.41 16.49 16.47 19.3 21.05 21.66 22.15 22.02 20.92 23.22 27.42 23.1 15.88 21.36 17.97 21.72 20 21.98 26.88 32.06 28.16 31.18 27.04 28.95 26.88 22.55 23.2 20.35 21.15 19.57 19.01 18.3 19.62 22.73 22.87 23.06 25.47 20.71 18.57 19.77 19 15.85 17.3 22.75 23.37 25.75 22.87 25.17 23.71 27.05 27.24 24.23 24.37 22.57 24.19 27.26 26.04 23.03 21.31 22.23 23.5 23.44 21.78 22.64 22.89 21.06 22.14 23.42 23.5 23.55 25.84
-9999 -9999 -9999 -9999 -9999 -9999 -9999 -9999 -9999 22.26 21.77 18.81 18.1 18.45 20.23 23.99 28.26 19.52 25.49 21.93 15.03 14.71 12.46 16.44 29.02 31.44 30.94 28.01 23.15 29.73 27.3 29.47 29.67 23.3 21.9 20.88 22.15 20.62 22.86 26.29 24.84 24.6 22.45 15.67 19.64 19.48 18.1 21.09 18.02 17.17 23.49 23.72 23.79 25.75 25.6 27.44 24.22 26.4 23.49 24.66 23.7 25.1 23.97 21.87 23.16 20.92 22.82 22.76 22.52 22.76 23.83 21.79 21.99 24.93 21.5 22.04 23.35
-9999 -9999 -9999 -9999 -9999 -9999 -9999 -9999 -9999 -9999 -9999 -9999 -9999 -9999 19.68 23.49 21.71 17.52 21.04 26.15 16.54 12.74 18.26 16.6 29.6 31.79 32.15 27.86 27.37 28.98 27.5 31.34 29.95 29.54 26.98 22.84 22.89 23.24 21.4 23.59 26.85 26.44 22.7 19.45 16.29 22.56 20.6 18.16 20.28 17.17 23.34 20.04 19.77 22 24.35 25.07 23.76 25.53 25.32 25.96 27.07 23.89 22.46 23.37 21.67 24.02 23.66 22.11 22.26 22.29 21.22 26.57 26.56 23.96 23.42 23.73 22.96
-9999 -9999 -9999 -9999 -9999 -9999 -9999 -9999 -9999 -9999 -9999 -9999 -9999 -9999 -9999 -9999 -9999 -9999 -9999 20.37 26.25 18.2 18.03 18.61 22.26 29.25 19.9 22.8 25.29 27.09 32.86 30.81 29.11 30.61 28.84 25.61 24.03 21.98 22.61 20.18 26.67 24.94 22.81 23.05 16.74 20.67 24.12 18.84 21.5 17.49 19.99 19.95 20.23 21.23 22.18 21.91 22.64 25.27 24.73 23.63 24.7 25.15 22.05 22.66 25.1 22.84 22.42 22.04 22.88 21.13 22.4 25.95 22.51 22.57 23.13 24.39 20.92
-9999 -9999 -9999 -9999 -9999 -9999 -9999 -9999 -9999 -9999 -9999 -9999 -9999 -9999 -9999 -9999 -9999 -9999 -9999 -9999 -9999 -9999 -9999 23.88 24.18 24.57 21.23 17.69 28.35 26.35 25.27 30.71 28.25 26.36 26.14 26.69 25.44 19.64 21.93 21.33 25.14 23.51 21.8 22.64 24.14 22.89 25.23 24 24.21 20.84 26.52 24.42 23.26 24.9 25.37 25.42 25.95 24.91 26.19 24.07 23.95 25.16 22.65 24.33 23.64 23.92 23.15 19.86 21.82 19.96 21.36 21.58 20.84 22.92 22.82 21.72 23.05
-9999 -9999 -9999 -9999 -9999 -9999 -9999 -9999 -9999 -9999 -9999 -9999 -9999 -9999 -9999 -9999 -9999 -9999 -9999 -9999 -9999 -9999 -9999 -9999 -9999 -9999 -9999 -9999 23.08 29.55 30.32 24.78 25.64 27.41 26.92 25.86 25.65 21.44 25.47 21.45 26.04 24.1 22.83 26.41 28.09 24.93 21.51 22.5 22.23 20.72 19.76 20.65 21.62 22.07 22.53 22.92 24.02 25.02 23.79 22.86 24.6 23.57 23.89 23.59 22.99 21.62 22.38 20.9 21.59 21.97 23.36 24.96 25.81 25.01 23.35 23.24 26.49
-9999 -9999 -9999 -9999 -9999 -9999 -9999 -9999 -9999 -9999 -9999 -9999 -9999 -9999 -9999 -9999 -9999 -9999 -9999 -9999 -9999 -9999 -9999 -9999 -9999 -9999 -9999 -9999 -9999 -9999 -9999 -9999 22.35 25.28 26.41 25.68 24.16 20.7 23.45 26.19 26.2 25.03 25.56 26.02 23.77 23.83 25.29 24.19 25.35 23.47 20.58 18.28 19.54 20.37 21.16 23.84 24.03 23.61 25.31 23.14 23.15 22.02 22.18 24.32 25.07 20.85 19.28 21.63 20.7 20.4 21.33 21.07 23.89 22.36 24.06 22.46 22
-9999 -9999 -9999 -9999 -9999 -9999 -9999 -9999 -9999 -9999 -9999 -9999 -9999 -9999 -9999 -9999 -9999 -9999 -9999 -9999 -9999 -9999 -9999 -9999 -9999 -9999 -9999 -9999 -9999 -9999 -9999 -9999 -9999 -9999 -9999 -9999 -9999 22.16 22.38 23.51 25.11 23.92 24.16 25.53 22.44 19.99 23.08 23.25 20.34 22.88 23.55 21.71 23.13 21.36 19.93 21.55 22.25 22.55 22.07 23.22 22.27 19.64 18.71 23.67 23.6 22.46 22.94 20.95 22.68 20.69 22.01 23.84 22.15 24.05 21.26 22.36 23.33
-9999 -9999 -9999 -9999 -9999 -9999 -9999 -9999 -9999 -9999 -9999 -9999 -9999 -9999 -9999 -9999 -9999 -9999 -9999 -9999 -9999 -9999 -9999 -9999 -9999 -9999 -9999 -9999 -9999 -9999 -9999 -9999 -9999 -9999 -9999 -9999 -9999 -9999 -9999 -9999 -9999 26.33 20.94 25.49 24.1 24.58 19.66 24.13 28.26 22.9 23.35 25.86 23.56 23.48 21.9 22.7 19.93 22.37 22.47 23.62 23.39 24.89 21.97 20.97 25.59 26.04 23.64 21.4 22.92 22.45 23.08 22.53 22.73 21.94 20.2 20.67 22.88
-9999 -9999 -9999 -9999 -9999 -9999 -9999 -9999 -9999 -9999 -9999 -9999 -9999 -9999 -9999 -9999 -9999 -9999 -9999 -9999 -9999 -9999 -9999 -9999 -9999 -9999 -9999 -9999 -9999 -9999 -9999 -9999 -9999 -9999 -9999 -9999 -9999 -9999 -9999 -9999 -9999 -9999 -9999 -9999 -9999 -9999 22.7 21.24 27.25 25.25 22.86 23.85 27.1 24.37 22.26 23.14 22.87 21.44 21.33 24.39 20.39 20.77 19.4 19.53 24 23.04 20.2 18.24 21.13 23.65 22.96 21.96 22.6 23.3 21.4 21.78 23.44
