slides/data/canopy100m_cl.txt
ncols         169
nrows         382
xllcorner     813515.0021541
yllcorner     1119250.21741
cellsize      100
NODATA_value  -9999
[rows 102 to 135 of 382, columns 77 to 153 of 169]
22.88 25.2 22.01 20.35 20.57 30.32 36.1 27.09 30.05 29.85 33.51 39.47 38.25 36.67 31.49 34.29 32.59 34.71 27.87 25.35 32.05 34.18 32.09 36.26 35.64 36.48 37.72 36.67 31.5 36.99 38.03 38.12 36.14 30.86 27.42 34.11 38.66 34.96 32.95 31.22 35.87 29.87 33.2 34.2 35.34 24.34 20.31 27.55 32.82 33.93 37.23 35.97 23.94 31.17 31.75 32.31 35.98 34.82 35.66 32.26 34.81 34.75 35.67 28.87 33.06 36.12 34.82 30.47 34.4 37.98 33.17 31.19 -9999 -9999 -9999 -9999 -9999
19.64 26.51 22.92 22.84 26.63 31.31 27.7 31.41 31.86 33.31 33.98 40.01 34.08 33.7 30.9 33.15 32.17 30.19 26.45 26.57 32.26 32.06 31.98 31.36 35.7 35.82 35.94 34.36 30.55 39.66 41.08 37.1 34.81 32.73 35.82 32.92 34.77 36.15 31.53 29.4 33.8 38.02 37.22 38.95 35.31 22.38 15.04 19.63 28.9 34.49 33.41 34.74242 38.46 35.68 30.93 37.61 38.29 37.17 29.93 33.07 37.2 31.49 31.28 28.7 34.31 33.41 32.26 34.72 32.61 33.57 36.82 35.02 -9999 -9999 -9999 -9999 -9999
16.31 20.66 30.42 24.94 21.32 27.87 24.44 36.32 30.3 34.5 39.24 35.94 32.07 36.82 32.81 32.16 27.8 31.93 35 29.69 31.71 34.6 31.33 36.92 35.51 35 34.19 34.01 39.27 37.94 34.65 33.64 30.74 37.38 36.37 31.47 35.28 33.47 35.85 35.82 32.18 39.16 34.02 36.54 34.57 33.45 29.03 23.44 32.49 35.51 34.54 26.64912 32.48 32.39 36.69 38.77 37.59 34.01 37.58 34.36 37.04 32.87 32.68 35.87 35.49 38.29 33.76 34.11 36.29 36.5 37.54 -9999 -9999 -9999 -9999 -9999 -9999
14.53 17.92 23.74 21.04 33.58 29.49 31.18 36.19 31.82 37.53 41.57 35.47 30.04 34.17 34.97 26.48 27.62 31.07 29.74 27.72 37.72 38.54 36.35 34.02 35.23 35.25 34.78 38.41 40.03 36.73 31.34 30.88 35.52 34.72 32.17 32.32 28.05 35.83 36.65 32.08 39.1 39.19 30.47 26.39 31.68 36.71 34.76 33.37 32.68 29.72 17.93 17.42 28.33 31.35 38.44 36.01 31.8 33.6 38.03 35.09 35.39 36.66 33.46 36.53 32.71 36.6 31.28 34.71 33.05 32.88 38.1 -9999 -9999 -9999 -9999 -9999 -9999
18.96 19.17 12.42 29.84 30.27 31.31 36.6 35.72 36.07 40.24 37.77 31.09 30.54 35.75 35.11 27.32 32.86 29.93 29.76 29.11 34.61 38.8 34.02 33.71 32.03 32.9 37.49 34.75 36.75 35.78 33.12 33.23 35.67 34.83 36.12 24.74 28.99 33.86 33.94 40.52 38.23 36.34 32.6 34.48 35.71 36.1 30.05 37.15 33.22 31.3 27.6 27.83 35.44 38.26 39.95 29.85 31.39 36.84 33 37.02 37.35 40.22 34.35 37.23 32.74 35.06 34.63 34.46 33.36 30.81 36.02 -9999 -9999 -9999 -9999 -9999 -9999
21.55 24.66 15.59 22.66 24.02 31.31 36.57 31.18 38.83 39.91 39.14 27.3 27.45 35.12 31.57 28.51 35.22 30.97 24.35 31.11 35.8 36.07 35.99 35.25 36.39 36.9 34.43 40.13 40.46 37.24 32.17 33.87 32.68 35.11 32.3 26.53 29.06 34.67 34.03 38.96 36.06 36.42 35.01 34.51 32.46 35.59 33.66 35.79 29.88 30.86 33.77 39.63 37.41 33.92 33.98 33.02 37.76 35.52 32.75 33.41 37.76 38.15 34.66 37.9 32.25 38.52 38.52 31.5 32.63 33.12 39.19 -9999 -9999 -9999 -9999 -9999 -9999
25.7 26.6 27.27 26.28 31.67 38.33 36.52 40.94 39.95 39.14 30.43 32.35 30.03 35.79 32.83 34.93 29.77 32.28 32.48 29.07 36.57 35.87 38.44 37.76 33.97 35.03 40.87 36.7 39.15 31.58 32.89 33.01 33.42 33.94 33.89 35.93 26.12 32.57 36.51 39.71 28.13 35.08 40.17 36.41 30.14 32.46 36.91 34.38 25.35 31.38202 40.85135 37.92 35.57 37.05 39.73 37.99 35.43 36.66 36.47 33.72 35.87 38.39 33.76 36.54 34.47 39.12 33.72 35.44 36.72 36.76 34.23 -9999 -9999 -9999 -9999 -9999 -9999
28.18 25.11 26.78 30.57 32.84 33.06 38.54 39.73 37.11 36.05 34.59 29.66 25.8 26.92 35.42 30.21 35.84 31.15 36.77 39.01 40.7 38.06 33.66 27.05 34.1 36.27 35.68 32.65 34.78 30.08 32.8 33.59 35.69 32.98 35.44 34.68 32.49 34.92 33.86 36.11 34.12 35.93 38.13 38.99 32.22 34.17 33.47 27.48 29.3 38.72917 34.08247 35.13 36.13 27.74 34.39 35.34 35.63 32.39 33.79 37.57 34.61 34.04 35.9 35.47 34.02 36.92 39.28 37.41 34.33 34.79 -9999 -9999 -9999 -9999 -9999 -9999 -9999
18.08 22.82 17.3 34.39 34.34 40.51 38.84 35.73 31.89 32.35 33.38 28.73 29.47 34.3 32.06 26.33 28.35 32.14 36.11 35.82 32.44 34.81 31.88 34.3 35.2 34.77 33.71 31.51 37.22 38.93 33.39 32.76 35.5 32.08 36.9 39.42 32.4 35.43 31.05 30.78 38.16 37.36 32.69 37.47 32.46 32.87 32.93 35.4 34.44 27.42 24.73 33.54 30.71 34.8 31.49 35.43 40.76 39.83 38.52 34.66 33.48 34.95 34.25 34.06 31.82 30.13 37.38 34.68 32.92 36.75 -9999 -9999 -9999 -9999 -9999 -9999 -9999
15.3 17.25 33.4 39.64 37.44 37.43 35.04 36.25 30.04 37.76 31.68 38.79 39.89 39.01 24.2 24.77 23.47 31.25 38.74 36.69 35.01 37.82 34.8 34.86 34.94 32.6 32.06 35.09 37.29 36.36 33.36 30.21 36.71 35.25 37 38.56 38.43 33.78 33.26 35.23 37.68 37.29 37.25 35.08 35.65 32.08 26.08 31.24 35.04 26.13 33.6 33.49 33.12 35.57 34.1 36.17 34.92 37.74 36.65 36.58 34.44 35.26 31.56 33.15 33.77 32.07 33.81 31.56 32.21 35.87 -9999 -9999 -9999 -9999 -9999 -9999 -9999
25.15 26.92 34.02 36.51 37.02 30.47 31.14 28.85 33.84 34.35 39.54 40.23 37.96 36.89 29.16 25.87 24.69 36.51 37.31 31.99 31.52 35.15 34.04 37.08 36.83 38.92 34.43 36.74 33.52 33.25 37.24 31.52 31.83 37.07 34.94 37.2 37.52 37.35 36.94 35.3 36.18 34.06 35.78 34.25 29.4 28.06 15.59 25.11 31.03 19.28 34.27 33.37 33.62 32.48 34.4 35.47 33.72 35.77 34.3 33.56 34.6 36.21 35.4 34.45 33.07 32.15 35.26 29.47 30.44 32.65 -9999 -9999 -9999 -9999 -9999 -9999 -9999
32.98 30.36 34.54 37.17 38.66 29.81 34.03 32.79 32.78 38.51 34.17 32.76 33.92 34.17 24.21 21.83 24.3 29.39 29.38 29.1 36.75 37.84 35.67 36.13 36.35 32.8 31.61 35.43 36.81 35.68 34.46 30.19 29.59 39.89 39 35.79 41.03 37.48 38.81 36.72 33.09 30.7 34.34 34.52 33.32 35.98 39.4 35.55 37.76 27.77 38.43 35.8 40.15 35.01 32.4 30.17 33.18 36.22 34.11 36.58 33.27 35.88 32.76 34.44 33.85 36.39 34.29 31.06 35.48 -9999 -9999 -9999 -9999 -9999 -9999 -9999 -9999
32 33.27 40.05 36.38 40.51 36.14 35.83 32.72 37.61 30.42 36.11 33.32 37.18 30.64 30.63 21.38 24.42 28.08 32.05 30.53 35.17 32.42 34.03 28.8 30.25 35.19 28.27 35.36 34.95 34.17 31.01 33.63 34.19 40.26 39.44 38.09 24.48 34.93 40.01 32.19 34.19 34.75 32.47 37.68 28.09 37.38 36.92 36.78 33.51 30.27 34.33 34.48 35.54 38.08 35.93 36.26 39.45 39.91 35.44 35.27 32.26 37.4 32.68 33.41 30.53 32.86 32.42 31.98 34.81 -9999 -9999 -9999 -9999 -9999 -9999 -9999 -9999
38.68 40.41 37.09 38.87 40.18 40 33.43 34.91 34.74 29.41 31.26 29.17 36.12 29.38 28.83 27.49 30.13 31.83 32.06 26.64 33.63 29.01 24.8 29.82 27.96 32.86 26.89 36.54 36.68 33.3 33.93 28.46 27.61 33.72 33.55 37.05 34.23 32.44 38.92 36.31 39.64 39.69 29.85 30.56 30.73 34.88 34.59 32.85 32.37 30.29 31.74 33.52 38.79 37.92 31.42 35.59 36.62 35.83 32.11 34.13 36.33 37.32 36.76 36.7 32.88 32.16 35.21 31.89 33.2 -9999 -9999 -9999 -9999 -9999 -9999 -9999 -9999
38.5 40.02 39.03 34.43 36.27 35.04 35.56 34.27 29.8 35.8 34.88 32.38 33.93 34.06 31.77 35.56 34.72 38.05 29.53 28.63 22.77 26.77 29.37 29.07 33.98 27.82 24.3 32.03 36.04 33.94 31.82 33.06 35.81 41.81 39.27 37.4 32.84 30.14 39.82 28.92 36.17 37.32 28.69 32.64 23.89 33.04 36.81 37.63 39.85 37.08 34.26 35.34 37.22 35.15 34.6 34.99 35.48 34.82 39.55 33.99 32.63 34.41 33.14 34.82 38.33 31.74 31.35 32.02 31.73 -9999 -9999 -9999 -9999 -9999 -9999 -9999 -9999
37.37 38.76 38.5 34.32 32.24 37.59 37.03 32.22 33.45 30.88 30.22 34.53 33.56 38.35 30.38 33.93 34.84 33.18 34.73 31.19 20.79 27.13 31.69 30.96 35.86 32.38 30.21 29.62 34.25 34.77 33.09 38.23 37.04 39.9 37.43 35.01 30.45 35.56 37.66 34.66 37.01 32.55 29.87 26.19 31.69 37.71 36.89 34.37 33.29 33.12 36.94 35.01 38.9 33.17 35.48 38.83 37.87 38.58 36.51 34.03 35.09 33.54 34.41 34.97 30.73 31.92 34.24 33.01 30.41 -9999 -9999 -9999 -9999 -9999 -9999 -9999 -9999
37.85 37.4 35.09 31.08 34.18 31.6 30.48 33.08 37.06 33.69 36.96 37.31 37.56 39.36 32.08 31.43 30.5 33.77 36.57 34.72 34.43 29.92 32.19 37.11 35.42 33.69 35.19 29.29 29.35 33.16 34.81 37.78 40.34 40.8 41.3 36.2 30.35 35.81 34.62 38.87 36.07 35.42 34.12 25.78 31.94 34.96 33.54 37.12 37.89 33.47 34.71 36.23 34.71 31.65 40.68 40.13 33.56 32.84 35.56 33.4 37.59 35.91 33.25 35.67 28.57 33.83 32.49 32.7 -9999 -9999 -9999 -9999 -9999 -9999 -9999 -9999 -9999
39.08 40.28 32.46 34.37 31.16 34.32 32.47 36.05 38.53 35.38 35.25 34.69 37.74 38.55 32.15 34.33 28.27 35.08 36.93 31.43 35.22 31.22 31.75 36.09 36.63 35.8 32.09 31.44 29.72 31.65 34.31 35.42 33.48 38.89 35.93 37.1 33.98 33.57 34.33 40.49 33.53 35.48 32.94 31.81 35.48 36.72 35.67 31.55 35.23 34.34 35.87 36.98 37.62 35.03 37.41 38.03 31.9 33.94 30.57 35.32 35.53 32.25 34.72 35.99 34.77 32.13 35.14 32.95 -9999 -9999 -9999 -9999 -9999 -9999 -9999 -9999 -9999
34.33 38.89 34.88 29.5 38.02 35.48 39.14 37.61 36.45 34.7 36.75 36.99 35.79 36.5 31.58 30.78 30.95 36 38.62 33.21 32.88 33.65 31.89 32.86 32.73 37.72 30.52 33.79 32.45 30.74 40.47 36.29 30.95 32.99 36.4 37.64 34.03 33.42 35.48 28.32 28.16 37.76 32.61 31.56 36.7 31.94 31.64 36.21 32.17 34.55 32.84 34.99 30.42 37.29 35.7 35.37 32.49 37.12 39.22 35.02 33.44 39.49 31.44 34.45 34.88 33.79 34.19 32.52 -9999 -9999 -9999 -9999 -9999 -9999 -9999 -9999 -9999
32.53 35.73 32.54 34.15 36.6 37.14 33.76 37.64 36.78 34.69 40.38 32.84 32.71 35.23 33.5 29.9 30.21 33.18 36.87 33.71 34.83 35.13 31.36 27.26 33.79 31.45 31.75 37.4 32 36.57 40.88 38.09 38.5 35.55 33.28 33.08 32.57 34.22 36.02 31.93 33.06 35.34 30.25 33.39 37.35 30.55 35.32 35.19 32.41 37.09 32.67 31.62 31.82 34.36 35.11 33.15 34.03 37.82 35.08 35.82 34.9 35.11 34.57 34.67 32.66 34.97 32.38 32.95 -9999 -9999 -9999 -9999 -9999 -9999 -9999 -9999 -9999
30.52 32.11 28.51 36.09 33.93 34.9 35.89 35.7 40.94 37.92 40.78 36.92 37.46 35.18 34.22 32.54 34.06 36.54 34.61 34.73 33.02 37.31 33.54 33.13 33.46 33.87 39.81 33.28 30.31 29.87 34.49 36.9 34.12 37.22 35.59 32.04 34.95 38.74 31.83 32 38.11 34.07 32.16 31.6 29.67 32.68 34.77 34.36 30.93 33.3 35.28 31.33 32.08 34.89 37.61 35.28 35.7 34.66 34.55 37.08 36.84 33.59 35.34 35.93 29.81 36.02 36.75 32.18 -9999 -9999 -9999 -9999 -9999 -9999 -9999 -9999 -9999
31.91 33.1 32.03 36.28 33.96 32.33 36.22 34.09 35.41 37.05 40.23 38.08 32.46 35.98 32.21 33.64 33.89 32.26 33.8 30.76 31.27 36.34 34.02 31.93 33.71 29.78 34.81 31.91 32.11 34.12 35.94 34.77 33.76 38.73 29.63 26.2 33.68 36.35 28.13 33.8 33.26 35.63 14.72 11.89 25.21 36.35 34.99 36.37 33.08 34.28 36.06 35.68 36.38 34.08 37.35 32.75 37.96 30.59 32.29 33.45 35.12 33.17 32.9 33.16 34.57 38.72 34.2 -9999 -9999 -9999 -9999 -9999 -9999 -9999 -9999 -9999 -9999
35.13 36.27 35.47 38.54 29.72 33.97 37.73 35.83 35.86 35.33 29.88 40.49 35.78 33.27 32.63 33.31 34.65 35.32 36.77 32.58 32.43 32.18 34.92 30.2 33.35 32.96 37.91 31.45 28.92 34.73 36.9 35.84 34.64 32.36 33.13 32.11 40.53 34.87 33.17 38.03 36.44 26.24 22.11 15.35354 19.96 34.64 37.6 39.16 35.99 34.5 34.48 35.28 36.01 35.96 34.17 29.88 33.6 33.19 35.15 31.01 38.15 35.73 41.08 39.15 35.87 34.03 31.95 -9999 -9999 -9999 -9999 -9999 -9999 -9999 -9999 -9999 -9999
37.61 32.48 33.67 29.86 28.86 34.49 34.57 35.1 37.76 34.51 35.92 38.19 36.37 34.29 36.91 33.33 34.16 36.13 36.5 35.27 35.6 32.68 37.19 32.34 31.83 34.7 30.35 33.74 25.96 32.91 35.26 40.09 36.61 33.06 34.7 36.95 40.07 35.18 33.17 34.34 35.64 31.66 26.15385 21.06522 16.66 34.56 36.94 35.15 34.69 37.05 39.35 34.22 35.98 38.38 35.46 32.5 35.23 34.32 33.18 34.45 37.57 37.38 34.9 29.44 32.16 38.14 38.85 -9999 -9999 -9999 -9999 -9999 -9999 -9999 -9999 -9999 -9999
40.7 37.07 33.66 26.58 30.41 36.41 34.41 38.12 32.95 36.21 37.5 37.84 33.98 36.84 33.8 35 37.99 34.53 36.34 32.07 34.31 32.23 36.05 33.87 32.8 35.17 26.11 29.52 26.39 33.81 33.24 37.1 34.08 37.45 36.57 34.64 34.6 32.86 33.91 29.79 38.52 41.31633 34.83333 24.21667 26.29 29.68 38.21 31.01 34.08 33.79 33.82 34.37 34.28 34.1 30.01 35.07 36.66 33.4 34.6 35.48 32.97 31.67 34.85 30.83 35.88 35.75 33.66 -9999 -9999 -9999 -9999 -9999 -9999 -9999 -9999 -9999 -9999
39.29 39.25 37.34 30.4 32.67 33.5 36.22 30.72 35.6 34.52 36.24 34.62 38.32 36.64 31.85 32.59 36.48 32.73 34.19 29.18 34.09 35.55 35.59 34.85 32.27 34.29 26.57 32.95 39.16 37.27 36.33 36.56 31.96 36.34 37.41 34.04 36.73 32.76 31.02 32.45 37.03 37.69388 36.65625 27.89041 17.86 33.56 34.96 34.91 37.86 35.59 33.83 33.27 36.95 33.94 35.68 35.75 34.46 38.28 32.39 36.62 32.73 35.89 35.77 29.22 34.22 33.47 -9999 -9999 -9999 -9999 -9999 -9999 -9999 -9999 -9999 -9999 -9999
35.79 34.02 42.32 32.88 33.62 33.02 32.97 37.39 38.28 35.2 33.14 40.24 38.2 35.16 36.21 32.95 33.7 34.4 33.13 32.27 33.89 31.41 33.51 34.33 34.09 29.25 23.95 36.21 37.97 35.95 34.87 28.58 34.7 37.75 31.47 29.56 31.7 33.7 31.19 38.16 37.1 38.58 35.64 35.8 23.81 36.24 33.46 35.76 36.45 41.3 33.88 35.34 35.74 37.26 35.73 36.1 36.65 33.23 34.69 36.42 39.05 38.78 30.82 33.29 33.65 26.48 -9999 -9999 -9999 -9999 -9999 -9999 -9999 -9999 -9999 -9999 -9999
34.17 34.07 38.45 35.88 35.05 32.65 37.54 32.37 37.25 36.99 38.6 35.99 36.63 30.59 35.01 36.55 33.72 33.97 29.89 33.58 34.34 31.84 34.75 36.44 31.74 33.35 27.76 37.27 37.57 38.48 37.55 37.01 33.93 37.15 36.5 31.74 32.14 32.1 29.73 30.72 25.25 32.67 35.58 37.33 35.46 33.24 36.81 34.42 36.21 37.56 34.82 38.51 34.65 36.17 32.89 33.84 31.12 31.52 34.71 36.58 35.63 33.7 39.59 32.79 34.04 23.89 -9999 -9999 -9999 -9999 -9999 -9999 -9999 -9999 -9999 -9999 -9999
33.57 29.63 32.54 39.94 36.59 34.95 34.83 37.92 39.74 37.94 33.89 35.21 31.74 38.9 35.31 33.67 30.86 38.34 35.06 37.89 32.94 31.94 32.72 33.62 32.58 33.23 28.23 35.03 36.71 36.41 34.2 36.6 36.61 35.81 36.37 32.89 30.81 31.97 31.47 37.2 29.65 27.97 39.12 34.6 34.31 35.31 33.65 32.71 36.98 35.99 33.89 36.26 35.89 34.15 32.45 30.6 30.64 34.8 38.43 37.76 34.5 35.74 33.81 33.45 22.62 11.58 -9999 -9999 -9999 -9999 -9999 -9999 -9999 -9999 -9999 -9999 -9999
38.9 33.78 35.14 36.16 34.66 32.38 33.52 38.13 35.29 34.84 35.65 34.57 33.08 36.47 34.47 34.56 36.82 34.65 32.08 32.87 38.08 31.55 29.7 32.56 30.46 32.7 28.04 37.57 38.8 31.47 37.4 33.96 35.81 35.8 36.05 34.07 34.23 31.92 30.38 30.04 36.55 34.65 38.02 31.85 35.77 35.64 36.71 36.29 39.25 36.23 39.99 37.87 36.96 38.57 38.06 34.83 36.45 39.01 35.35 34.1 27.97 30.32 27.75 22.45 17.77 16.49 -9999 -9999 -9999 -9999 -9999 -9999 -9999 -9999 -9999 -9999 -9999
38.53 37.31 36.29 42.28 39.38 38.95 32.86 32.11 30.54 37.68 36.55 35 32.81 35.08 34.68 35.87 33.52 35 32.76 39.49 37.46 31.46 31.85 33.99 33.32 27.21 28.98 38.39 36.25 32.39 37.14 34.3 34.09 37.52 35.93 34.73 32.48 25.34 27.35 34.52 38.3 36.71 34.19 36.86 34.69 31.82 38.88 38.71 36.48 34.23 35.68 33.03 41.05 39.27 34.26 32.09 30.7 27.34 27.18 29.32 31.06 28.29 20.88 13.46 18.7 -9999 -9999 -9999 -9999 -9999 -9999 -9999 -9999 -9999 -9999 -9999 -9999
37.17 37.07 36.71 42.36 38.6 37.31 36.34 34.79 32.61 34.57 35.56 35.56 35.57 34.36 38.73 34.41 35.16 36.95 28.51 35.7 32.55 36.08 30.74 28.91 30.67 31.77 31.26 38.2 41.06 35.04 35.82 33.05 33.97 31.07 30.04 28.66 25.53 23.07 32.98 39.53 34.08 37.28 35.54 36.46 29.96 34.05 42.12 37.05 32.5 35.53 27.55 22.95 40.32 32.72 35.59 30.51 26.93 25.34 29 30.49 32.1 26 22.74 20.6 26.59 -9999 -9999 -9999 -9999 -9999 -9999 -9999 -9999 -9999 -9999 -9999 -9999
38.28 36.73 40.02 40.25 35.35 39.51 34.51 35.13 39.32 30.95 33.29 34.37 33.23 36.49 37.3 34.02 33.3 38.13 32.47 37.24 29.88 33.47 21.98 25.34 39.43 35.19 35.2 36.99 37.21 34.57 38.38 32.56 34.12 33.49 32.52 28.5 27.08 26.41 38.78 37.64 32.78 31.94 36.72 37.07 34.46 31.02 33.53 36.78 35.4 35.61 23.1 27.7 36.08 31.31 27.79 25.88 27.49 29.44 29.8 31.16 32.65 31.04 22.96 28.02 29.34 -9999 -9999 -9999 -9999 -9999 -9999 -9999 -9999 -9999 -9999 -9999 -9999
38.6 31.41 38.93 38.95 35.9 38 35 37.11 36.44 32.06 34.79 32.15 32.15 33.42 35.59 39.51 38.71 34.57 36.38 32.18 29.43 32.56 31.31 21.46 31.85 37.26 33.36 31.6 30.34 31.63 35.86 34.13 30.28 30.27 36.22 27.89 22.71 30.22 40.07 37.81 32.42 35.93 32.41 34.25 35.27 32.82 30.16 35.87 37.23 37.38 30.15 31.75 29.74 29.59 27.16 30.12 29.86 33.03 36.34 31.13 31.74 34.17 27.29 17.09 18.4 -9999 -9999 -9999 -9999 -9999 -9999 -9999 -9999 -9999 -9999 -9999 -9999
