slides/data/edge100_cl.txt
ncols         169
nrows         382
xllcorner     813515.0021541
yllcorner     1119250.21741
cellsize      100
NODATA_value  -9999
[rows 264 to 296 of 382, columns 0 to 75 of 169]
-9999 -9999 -9999 -9999 -9999 -9999 -9999 -9999 -9999 -9999 -9999 -9999 -9999 -9999 -9999 -9999 -9999 -9999 -9999 -9999 -9999 -9999 -9999 -9999 721.1102 670.8204 632.4555 608.2762 600 608.2762 632.4555 670.8204 721.1102 781.025 848.5281 921.9545 1000 1081.665 1166.19 1252.996 1341.641 1431.782 1523.155 1615.549 1708.801 1802.776 1897.367 1992.486 1984.943 1920.937 1860.108 1802.776 1749.286 1700 1655.295 1615.549 1581.139 1552.417 1529.706 1513.275 1503.33 1403.567 1303.84 1204.159 1104.536 1004.988 905.5385 806.2258 707.1068 608.2762 509.9019 412.3106 316.2278 223.6068 141.4214 100
-9999 -9999 -9999 -9999 -9999 -9999 -9999 -9999 -9999 -9999 -9999 -9999 -9999 -9999 -9999 -9999 -9999 -9999 -9999 -9999 -9999 -9999 -9999 707.1068 640.3124 583.0952 538.5165 509.9019 500 509.9019 538.5165 583.0952 640.3124 707.1068 781.025 860.2325 943.3981 1029.563 1118.034 1208.305 1300 1392.839 1486.607 1581.139 1676.305 1772.005 1868.154 1964.688 1910.497 1843.909 1780.449 1720.465 1664.332 1612.452 1565.248 1523.155 1486.607 1456.022 1431.782 1414.214 1403.567 1400 1300 1200 1100 1000 900 800 700 600 500 400 300 200 100 0
-9999 -9999 -9999 -9999 -9999 -9999 -9999 -9999 -9999 -9999 -9999 -9999 -9999 -9999 -9999 -9999 -9999 -9999 -9999 -9999 -9999 -9999 -9999 640.3124 565.6854 500 447.2136 412.3106 400 412.3106 447.2136 500 565.6854 640.3124 721.1102 806.2258 894.4272 984.8858 1077.033 1170.47 1264.911 1360.147 1456.022 1552.417 1649.242 1746.425 1843.909 1910.497 1838.478 1769.181 1702.939 1640.122 1581.139 1526.434 1476.482 1431.782 1392.839 1360.147 1334.166 1315.295 1303.84 1300 1300 1204.159 1104.536 1004.988 905.5385 806.2258 707.1068 608.2762 509.9019 412.3106 316.2278 223.6068 141.4214 100
-9999 -9999 -9999 -9999 -9999 -9999 -9999 -9999 -9999 -9999 -9999 -9999 -9999 -9999 -9999 -9999 -9999 -9999 -9999 -9999 -9999 -9999 -9999 583.0952 500 424.2641 360.5551 316.2278 300 316.2278 360.5551 424.2641 500 583.0952 670.8204 761.5773 854.4004 948.6833 1044.031 1140.175 1236.932 1334.166 1431.782 1529.706 1627.882 1726.268 1824.829 1843.909 1769.181 1697.056 1627.882 1562.05 1500 1442.22 1389.244 1341.641 1300 1264.911 1236.932 1216.552 1204.159 1200 1200 1204.159 1118.034 1019.804 921.9545 824.6212 728.011 632.4555 538.5165 447.2136 360.5551 282.8427 223.6068 200
-9999 -9999 -9999 -9999 -9999 -9999 -9999 -9999 -9999 -9999 -9999 -9999 -9999 -9999 -9999 -9999 -9999 -9999 -9999 -9999 -9999 -9999 -9999 538.5165 447.2136 360.5551 282.8427 223.6068 200 223.6068 282.8427 360.5551 447.2136 538.5165 632.4555 728.011 824.6212 921.9545 1019.804 1118.034 1216.552 1315.295 1414.214 1513.275 1612.452 1711.724 1811.077 1780.449 1702.939 1627.882 1555.635 1486.607 1421.267 1360.147 1303.84 1252.996 1208.305 1170.47 1140.175 1118.034 1104.536 1100 1100 1104.536 1118.034 1044.031 948.6833 854.4004 761.5773 670.8204 583.0952 500 424.2641 360.5551 316.2278 300
-9999 -9999 -9999 -9999 -9999 -9999 -9999 -9999 -9999 -9999 -9999 -9999 -9999 -9999 -9999 -9999 -9999 -9999 -9999 -9999 -9999 -9999 509.9019 500 412.3106 316.2278 223.6068 141.4214 100 141.4214 223.6068 316.2278 412.3106 509.9019 608.2762 707.1068 806.2258 905.5385 1004.988 1104.536 1204.159 1303.84 1403.567 1503.33 1603.122 1702.939 1802.776 1720.465 1640.122 1562.05 1486.607 1414.214 1345.362 1280.625 1220.656 1166.19 1118.034 1077.033 1044.031 1019.804 1004.988 1000 1000 1004.988 1019.804 989.9495 921.9545 860.2325 806.2258 721.1102 640.3124 565.6854 500 447.2136 412.3106 400
-9999 -9999 -9999 -9999 -9999 -9999 -9999 -9999 -9999 -9999 -9999 -9999 -9999 -9999 -9999 -9999 -9999 -9999 -9999 -9999 -9999 -9999 412.3106 400 400 300 200 100 0 100 200 300 400 500 600 700 800 900 1000 1100 1200 1300 1400 1500 1600 1700 1749.286 1664.332 1581.139 1500 1421.267 1345.362 1272.792 1204.159 1140.175 1081.665 1029.563 984.8858 948.6833 921.9545 905.5385 900 900 905.5385 921.9545 921.9545 848.5281 781.025 721.1102 670.8204 632.4555 608.2762 583.0952 538.5165 509.9019 500
-9999 -9999 -9999 -9999 -9999 -9999 -9999 -9999 -9999 -9999 -9999 -9999 -9999 -9999 -9999 -9999 -9999 -9999 -9999 -9999 -9999 -9999 316.2278 300 316.2278 316.2278 223.6068 141.4214 100 141.4214 223.6068 316.2278 412.3106 509.9019 608.2762 707.1068 806.2258 905.5385 1004.988 1104.536 1204.159 1303.84 1403.567 1503.33 1603.122 1702.939 1700 1612.452 1526.434 1442.22 1360.147 1280.625 1204.159 1131.371 1063.015 1000 943.3981 894.4272 854.4004 824.6212 806.2258 800 800 806.2258 824.6212 854.4004 781.025 707.1068 640.3124 583.0952 538.5165 509.9019 500 500 509.9019 538.5165
-9999 -9999 -9999 -9999 -9999 -9999 -9999 -9999 -9999 -9999 -9999 -9999 -9999 -9999 -9999 -9999 -9999 -9999 -9999 -9999 -9999 -9999 223.6068 200 223.6068 282.8427 282.8427 223.6068 200 223.6068 282.8427 360.5551 447.2136 538.5165 632.4555 728.011 824.6212 921.9545 1019.804 1118.034 1216.552 1315.295 1414.214 1513.275 1612.452 1711.724 1655.295 1565.248 1476.482 1389.244 1303.84 1220.656 1140.175 1063.015 989.9495 921.9545 860.2325 806.2258 761.5773 728.011 707.1068 700 700 707.1068 728.011 761.5773 721.1102 640.3124 565.6854 500 447.2136 412.3106 400 400 412.3106 447.2136
-9999 -9999 -9999 -9999 -9999 -9999 -9999 -9999 -9999 -9999 -9999 -9999 -9999 -9999 -9999 -9999 -9999 -9999 -9999 -9999 -9999 223.6068 141.4214 100 141.4214 223.6068 316.2278 316.2278 300 316.2278 360.5551 424.2641 500 583.0952 670.8204 761.5773 854.4004 948.6833 1044.031 1140.175 1236.932 1334.166 1431.782 1529.706 1627.882 1708.801 1615.549 1523.155 1431.782 1341.641 1252.996 1166.19 1081.665 1000 921.9545 848.5281 781.025 721.1102 670.8204 632.4555 608.2762 600 600 608.2762 632.4555 670.8204 670.8204 583.0952 500 424.2641 360.5551 316.2278 300 300 316.2278 360.5551
-9999 -9999 -9999 -9999 -9999 -9999 -9999 -9999 -9999 -9999 -9999 -9999 -9999 -9999 -9999 -9999 -9999 -9999 -9999 -9999 -9999 200 100 0 100 200 300 300 316.2278 360.5551 424.2641 500 565.6854 640.3124 721.1102 806.2258 894.4272 984.8858 1077.033 1170.47 1264.911 1360.147 1456.022 1552.417 1649.242 1676.305 1581.139 1486.607 1392.839 1300 1208.305 1118.034 1029.563 943.3981 860.2325 781.025 707.1068 640.3124 583.0952 538.5165 509.9019 500 500 509.9019 538.5165 583.0952 632.4555 538.5165 447.2136 360.5551 282.8427 223.6068 200 200 223.6068 282.8427
-9999 -9999 -9999 -9999 -9999 -9999 -9999 -9999 -9999 -9999 -9999 -9999 -9999 -9999 -9999 -9999 -9999 -9999 -9999 -9999 -9999 223.6068 141.4214 100 141.4214 223.6068 200 200 223.6068 282.8427 360.5551 447.2136 538.5165 632.4555 728.011 824.6212 921.9545 1019.804 1118.034 1208.305 1300 1392.839 1486.607 1581.139 1676.305 1649.242 1552.417 1456.022 1360.147 1264.911 1170.47 1077.033 984.8858 894.4272 806.2258 721.1102 640.3124 565.6854 500 447.2136 412.3106 400 400 412.3106 447.2136 500 565.6854 509.9019 412.3106 316.2278 223.6068 141.4214 100 100 141.4214 200
-9999 -9999 -9999 -9999 -9999 -9999 -9999 -9999 -9999 -9999 -9999 -9999 -9999 -9999 -9999 -9999 -9999 -9999 -9999 -9999 -9999 282.8427 223.6068 200 223.6068 141.4214 100 100 141.4214 223.6068 316.2278 412.3106 509.9019 608.2762 707.1068 806.2258 905.5385 1004.988 1104.536 1204.159 1303.84 1403.567 1503.33 1603.122 1615.549 1581.139 1529.706 1431.782 1334.166 1236.932 1140.175 1044.031 948.6833 854.4004 761.5773 670.8204 583.0952 500 424.2641 360.5551 316.2278 300 300 316.2278 360.5551 424.2641 500 500 400 300 200 100 0 0 100 100
-9999 -9999 -9999 -9999 -9999 -9999 -9999 -9999 -9999 -9999 -9999 -9999 -9999 -9999 -9999 -9999 -9999 -9999 -9999 -9999 424.2641 360.5551 316.2278 300 200 100 0 0 100 200 300 400 500 600 700 800 900 1000 1100 1200 1300 1400 1500 1565.248 1523.155 1486.607 1456.022 1414.214 1315.295 1216.552 1118.034 1019.804 921.9545 824.6212 728.011 632.4555 538.5165 447.2136 360.5551 282.8427 223.6068 200 200 223.6068 282.8427 360.5551 447.2136 500 400 300 200 100 0 0 100 0
-9999 -9999 -9999 -9999 -9999 -9999 -9999 -9999 -9999 -9999 -9999 -9999 -9999 -9999 -9999 -9999 -9999 -9999 -9999 -9999 500 447.2136 412.3106 316.2278 223.6068 141.4214 100 100 141.4214 223.6068 316.2278 412.3106 509.9019 608.2762 707.1068 806.2258 905.5385 1004.988 1104.536 1204.159 1303.84 1403.567 1503.33 1476.482 1431.782 1392.839 1360.147 1334.166 1303.84 1204.159 1104.536 1004.988 905.5385 806.2258 707.1068 608.2762 509.9019 412.3106 316.2278 223.6068 141.4214 100 100 141.4214 223.6068 316.2278 400 412.3106 400 300 200 100 0 0 0 0
-9999 -9999 -9999 -9999 -9999 -9999 -9999 -9999 -9999 -9999 -9999 -9999 -9999 -9999 -9999 -9999 -9999 -9999 -9999 -9999 538.5165 538.5165 447.2136 360.5551 282.8427 223.6068 200 200 223.6068 282.8427 360.5551 447.2136 538.5165 632.4555 728.011 824.6212 921.9545 1019.804 1118.034 1216.552 1315.295 1414.214 1442.22 1389.244 1341.641 1300 1264.911 1236.932 1216.552 1200 1100 1000 900 800 700 600 500 400 300 200 100 0 0 100 200 300 300 316.2278 360.5551 300 200 100 0 0 0 100
-9999 -9999 -9999 -9999 -9999 -9999 -9999 -9999 -9999 -9999 -9999 -9999 -9999 -9999 -9999 -9999 -9999 -9999 -9999 -9999 447.2136 500 500 424.2641 360.5551 316.2278 300 300 316.2278 360.5551 424.2641 500 583.0952 670.8204 761.5773 854.4004 948.6833 1044.031 1140.175 1236.932 1334.166 1421.267 1360.147 1303.84 1252.996 1208.305 1170.47 1140.175 1118.034 1104.536 1100 1000 900 800 700 600 500 400 300 200 100 0 0 100 200 200 200 223.6068 282.8427 316.2278 223.6068 141.4214 100 100 100 141.4214
-9999 -9999 -9999 -9999 -9999 -9999 -9999 -9999 -9999 -9999 -9999 -9999 -9999 -9999 -9999 -9999 -9999 -9999 -9999 -9999 360.5551 424.2641 500 500 447.2136 412.3106 400 400 412.3106 447.2136 500 565.6854 640.3124 721.1102 806.2258 894.4272 984.8858 1077.033 1170.47 1264.911 1360.147 1345.362 1280.625 1220.656 1166.19 1118.034 1077.033 1044.031 1019.804 1004.988 1000 1004.988 905.5385 806.2258 707.1068 608.2762 509.9019 412.3106 316.2278 223.6068 141.4214 100 100 141.4214 141.4214 100 100 141.4214 200 223.6068 282.8427 223.6068 200 200 200 223.6068
-9999 -9999 -9999 -9999 -9999 -9999 -9999 -9999 -9999 -9999 -9999 -9999 -9999 -9999 -9999 -9999 -9999 -9999 -9999 223.6068 282.8427 360.5551 447.2136 538.5165 538.5165 509.9019 500 500 509.9019 538.5165 583.0952 640.3124 707.1068 781.025 860.2325 943.3981 1029.563 1118.034 1208.305 1300 1345.362 1272.792 1204.159 1140.175 1081.665 1029.563 984.8858 948.6833 921.9545 905.5385 900 905.5385 921.9545 824.6212 728.011 632.4555 538.5165 447.2136 360.5551 282.8427 223.6068 200 200 141.4214 100 0 0 100 100 141.4214 223.6068 316.2278 300 300 300 316.2278
-9999 -9999 -9999 -9999 -9999 -9999 -9999 -9999 -9999 -9999 -9999 -9999 -9999 -9999 -9999 -9999 -9999 -9999 -9999 141.4214 223.6068 316.2278 412.3106 509.9019 608.2762 608.2762 600 600 608.2762 632.4555 670.8204 721.1102 781.025 848.5281 921.9545 1000 1081.665 1166.19 1252.996 1341.641 1280.625 1204.159 1131.371 1063.015 1000 943.3981 894.4272 854.4004 824.6212 806.2258 800 806.2258 824.6212 854.4004 761.5773 670.8204 583.0952 500 424.2641 360.5551 316.2278 282.8427 200 100 0 0 0 0 0 100 200 300 400 400 400 412.3106
-9999 -9999 -9999 -9999 -9999 -9999 -9999 -9999 -9999 -9999 -9999 -9999 -9999 -9999 -9999 -9999 -9999 -9999 -9999 100 200 300 400 500 600 700 700 700 707.1068 728.011 761.5773 806.2258 860.2325 921.9545 989.9495 1063.015 1140.175 1220.656 1303.84 1303.84 1220.656 1140.175 1063.015 989.9495 921.9545 860.2325 806.2258 761.5773 728.011 707.1068 700 707.1068 728.011 761.5773 721.1102 640.3124 565.6854 500 447.2136 412.3106 316.2278 223.6068 141.4214 100 100 100 0 0 100 141.4214 223.6068 316.2278 412.3106 500 500 500
-9999 -9999 -9999 -9999 -9999 -9999 -9999 -9999 -9999 -9999 -9999 -9999 -9999 -9999 -9999 -9999 -9999 -9999 -9999 141.4214 223.6068 316.2278 412.3106 509.9019 608.2762 707.1068 800 800 806.2258 824.6212 854.4004 894.4272 943.3981 1000 1063.015 1131.371 1204.159 1280.625 1341.641 1252.996 1166.19 1081.665 1000 921.9545 848.5281 781.025 721.1102 670.8204 632.4555 608.2762 600 608.2762 632.4555 670.8204 670.8204 583.0952 500 424.2641 360.5551 316.2278 300 200 100 0 100 141.4214 100 0 100 200 282.8427 360.5551 447.2136 538.5165 600 583.0952
-9999 -9999 -9999 -9999 -9999 -9999 -9999 -9999 -9999 -9999 -9999 -9999 -9999 -9999 -9999 -9999 -9999 -9999 100 200 282.8427 360.5551 447.2136 538.5165 632.4555 707.1068 728.011 761.5773 806.2258 860.2325 921.9545 984.8858 1029.563 1081.665 1140.175 1204.159 1272.792 1345.362 1300 1208.305 1118.034 1029.563 943.3981 860.2325 781.025 707.1068 640.3124 583.0952 538.5165 509.9019 500 509.9019 538.5165 583.0952 632.4555 538.5165 447.2136 360.5551 282.8427 223.6068 200 200 100 0 100 200 100 0 100 200 300 400 500 583.0952 670.8204 608.2762
-9999 -9999 -9999 -9999 -9999 -9999 -9999 -9999 -9999 -9999 -9999 -9999 -9999 -9999 -9999 -9999 -9999 -9999 100 200 300 400 500 565.6854 600 608.2762 632.4555 670.8204 721.1102 781.025 848.5281 921.9545 1000 1081.665 1166.19 1252.996 1341.641 1360.147 1264.911 1170.47 1077.033 984.8858 894.4272 806.2258 721.1102 640.3124 565.6854 500 447.2136 412.3106 400 412.3106 447.2136 500 565.6854 509.9019 412.3106 316.2278 223.6068 141.4214 100 141.4214 141.4214 100 141.4214 223.6068 141.4214 100 141.4214 223.6068 316.2278 412.3106 509.9019 608.2762 700 600
-9999 -9999 -9999 -9999 -9999 -9999 -9999 -9999 -9999 -9999 -9999 -9999 -9999 -9999 -9999 -9999 -9999 -9999 141.4214 223.6068 316.2278 360.5551 424.2641 500 500 509.9019 538.5165 583.0952 640.3124 707.1068 781.025 860.2325 943.3981 1029.563 1118.034 1208.305 1300 1334.166 1236.932 1140.175 1044.031 948.6833 854.4004 761.5773 670.8204 583.0952 500 424.2641 360.5551 316.2278 300 316.2278 360.5551 424.2641 500 500 400 300 200 100 0 100 200 200 223.6068 282.8427 223.6068 200 223.6068 282.8427 360.5551 447.2136 538.5165 632.4555 707.1068 608.2762
-9999 -9999 -9999 -9999 -9999 -9999 -9999 -9999 -9999 -9999 -9999 -9999 -9999 -9999 -9999 -9999 -9999 -9999 200 200 223.6068 282.8427 360.5551 412.3106 400 412.3106 447.2136 500 565.6854 640.3124 721.1102 806.2258 894.4272 984.8858 1077.033 1170.47 1264.911 1315.295 1216.552 1118.034 1019.804 921.9545 824.6212 728.011 632.4555 538.5165 447.2136 360.5551 282.8427 223.6068 200 223.6068 282.8427 360.5551 400 400 400 300 200 100 0 100 200 300 316.2278 360.5551 316.2278 300 316.2278 360.5551 424.2641 500 583.0952 608.2762 632.4555 583.0952
-9999 -9999 -9999 -9999 -9999 -9999 -9999 -9999 -9999 -9999 -9999 -9999 -9999 -9999 -9999 -9999 -9999 100 100 100 141.4214 223.6068 316.2278 316.2278 300 316.2278 360.5551 424.2641 500 583.0952 670.8204 761.5773 854.4004 948.6833 1044.031 1140.175 1236.932 1303.84 1204.159 1104.536 1004.988 905.5385 806.2258 707.1068 608.2762 509.9019 412.3106 316.2278 223.6068 141.4214 100 141.4214 223.6068 316.2278 300 300 316.2278 300 200 100 0 100 200 300 400 447.2136 412.3106 400 412.3106 447.2136 500 509.9019 500 509.9019 538.5165 538.5165
-9999 -9999 -9999 -9999 -9999 -9999 -9999 -9999 -9999 -9999 -9999 -9999 -9999 -9999 -9999 -9999 -9999 0 0 0 100 200 282.8427 223.6068 200 223.6068 282.8427 360.5551 447.2136 538.5165 632.4555 728.011 824.6212 921.9545 1019.804 1118.034 1216.552 1300 1200 1100 1000 900 800 700 600 500 400 300 200 100 0 100 200 223.6068 200 200 223.6068 282.8427 223.6068 141.4214 100 141.4214 223.6068 316.2278 412.3106 509.9019 509.9019 500 509.9019 500 447.2136 412.3106 400 412.3106 447.2136 500
-9999 -9999 -9999 -9999 -9999 -9999 -9999 -9999 -9999 -9999 -9999 -9999 -9999 -9999 -9999 -9999 -9999 0 0 0 100 200 223.6068 141.4214 100 141.4214 223.6068 316.2278 412.3106 509.9019 608.2762 707.1068 806.2258 905.5385 1004.988 1104.536 1204.159 1303.84 1204.159 1104.536 1004.988 905.5385 806.2258 707.1068 608.2762 509.9019 412.3106 316.2278 223.6068 141.4214 100 141.4214 223.6068 141.4214 100 100 141.4214 223.6068 282.8427 223.6068 200 223.6068 282.8427 360.5551 447.2136 538.5165 608.2762 583.0952 500 424.2641 360.5551 316.2278 300 316.2278 360.5551 424.2641
-9999 -9999 -9999 -9999 -9999 -9999 -9999 -9999 -9999 -9999 -9999 -9999 -9999 -9999 -9999 -9999 -9999 100 0 0 100 200 200 100 0 100 200 300 400 500 600 700 800 900 1000 1100 1200 1300 1216.552 1118.034 1019.804 921.9545 824.6212 728.011 632.4555 538.5165 447.2136 360.5551 282.8427 223.6068 200 223.6068 200 100 0 0 100 200 300 316.2278 300 316.2278 360.5551 424.2641 500 583.0952 632.4555 538.5165 447.2136 360.5551 282.8427 223.6068 200 223.6068 282.8427 360.5551
-9999 -9999 -9999 -9999 -9999 -9999 -9999 -9999 -9999 -9999 -9999 -9999 -9999 -9999 -9999 -9999 200 100 0 0 100 200 223.6068 141.4214 100 141.4214 223.6068 316.2278 412.3106 509.9019 608.2762 707.1068 806.2258 905.5385 1004.988 1104.536 1204.159 1303.84 1236.932 1140.175 1044.031 948.6833 854.4004 761.5773 670.8204 583.0952 500 424.2641 360.5551 316.2278 300 300 200 100 0 0 100 200 300 400 400 412.3106 447.2136 500 565.6854 640.3124 608.2762 509.9019 412.3106 316.2278 223.6068 141.4214 100 141.4214 223.6068 316.2278
-9999 -9999 -9999 -9999 -9999 -9999 -9999 -9999 -9999 -9999 -9999 -9999 -9999 -9999 -9999 -9999 223.6068 141.4214 100 100 141.4214 223.6068 282.8427 223.6068 200 223.6068 282.8427 360.5551 447.2136 538.5165 632.4555 728.011 824.6212 921.9545 1019.804 1118.034 1216.552 1315.295 1264.911 1170.47 1077.033 984.8858 894.4272 806.2258 721.1102 640.3124 565.6854 500 447.2136 412.3106 400 300 200 100 0 0 100 200 300 400 500 509.9019 538.5165 583.0952 640.3124 700 600 500 400 300 200 100 0 100 200 300
-9999 -9999 -9999 -9999 -9999 -9999 -9999 -9999 -9999 -9999 -9999 -9999 -9999 -9999 -9999 -9999 282.8427 223.6068 200 200 223.6068 282.8427 360.5551 316.2278 300 316.2278 360.5551 424.2641 500 583.0952 670.8204 761.5773 854.4004 948.6833 1044.031 1140.175 1236.932 1300 1300 1208.305 1118.034 1029.563 943.3981 860.2325 781.025 707.1068 640.3124 583.0952 538.5165 500 400 300 200 100 0 0 100 200 282.8427 360.5551 447.2136 538.5165 632.4555 670.8204 721.1102 700 600 500 400 300 200 100 0 100 200 300
