slides/data/edge100_cl.txt
ncols         169
nrows         382
xllcorner     813515.0021541
yllcorner     1119250.21741
cellsize      100
NODATA_value  -9999
[rows 297 to 329 of 382, columns 0 to 75 of 169]
-9999 -9999 -9999 -9999 -9999 -9999 -9999 -9999 -9999 -9999 -9999 -9999 -9999 -9999 -9999 -9999 300 316.2278 300 300 316.2278 360.5551 424.2641 412.3106 400 412.3106 447.2136 500 565.6854 640.3124 721.1102 806.2258 894.4272 984.8858 1077.033 1170.47 1204.159 1200 1200 1204.159 1166.19 1081.665 1000 921.9545 848.5281 781.025 721.1102 670.8204 600 500 400 300 200 100 0 0 100 141.4214 223.6068 316.2278 412.3106 509.9019 608.2762 707.1068 806.2258 707.1068 608.2762 509.9019 412.3106 316.2278 223.6068 141.4214 100 141.4214 223.6068 300
-9999 -9999 -9999 -9999 -9999 -9999 -9999 -9999 -9999 -9999 -9999 -9999 -9999 -9999 -9999 -9999 300 400 400 400 412.3106 447.2136 500 509.9019 500 509.9019 538.5165 583.0952 640.3124 707.1068 781.025 860.2325 943.3981 1029.563 1118.034 1118.034 1104.536 1100 1100 1104.536 1118.034 1140.175 1063.015 989.9495 921.9545 860.2325 800 700 600 500 400 300 200 100 0 0 0 100 200 300 400 500 583.0952 670.8204 761.5773 728.011 632.4555 538.5165 447.2136 360.5551 282.8427 223.6068 200 223.6068 282.8427 316.2278
-9999 -9999 -9999 -9999 -9999 -9999 -9999 -9999 -9999 -9999 -9999 -9999 -9999 -9999 -9999 200 300 400 500 500 509.9019 538.5165 583.0952 608.2762 600 608.2762 632.4555 670.8204 721.1102 781.025 848.5281 921.9545 1000 1077.033 1044.031 1019.804 1004.988 1000 1000 1004.988 1019.804 1044.031 1077.033 1063.015 1000 900 800 700 600 500 400 300 200 100 0 0 0 100 200 282.8427 360.5551 447.2136 538.5165 632.4555 728.011 761.5773 670.8204 583.0952 500 424.2641 360.5551 316.2278 300 316.2278 360.5551 360.5551
-9999 -9999 -9999 -9999 -9999 -9999 -9999 -9999 -9999 -9999 -9999 -9999 -9999 -9999 -9999 223.6068 316.2278 412.3106 509.9019 600 608.2762 632.4555 670.8204 707.1068 700 707.1068 728.011 761.5773 806.2258 860.2325 921.9545 989.9495 1029.563 984.8858 948.6833 921.9545 905.5385 900 900 905.5385 921.9545 948.6833 984.8858 1029.563 1004.988 905.5385 806.2258 707.1068 608.2762 509.9019 412.3106 316.2278 223.6068 141.4214 100 0 0 100 141.4214 223.6068 316.2278 412.3106 509.9019 608.2762 707.1068 806.2258 721.1102 640.3124 565.6854 500 447.2136 412.3106 400 412.3106 447.2136 424.2641
-9999 -9999 -9999 -9999 -9999 -9999 -9999 -9999 -9999 -9999 -9999 -9999 -9999 -9999 -9999 282.8427 360.5551 447.2136 538.5165 583.0952 640.3124 707.1068 761.5773 800 800 806.2258 824.6212 854.4004 894.4272 943.3981 1000 1000 943.3981 894.4272 854.4004 824.6212 806.2258 800 800 806.2258 824.6212 854.4004 894.4272 943.3981 1000 921.9545 824.6212 728.011 632.4555 538.5165 447.2136 360.5551 282.8427 200 100 0 0 0 100 200 300 400 500 600 700 800 781.025 707.1068 640.3124 583.0952 538.5165 509.9019 500 509.9019 538.5165 500
-9999 -9999 -9999 -9999 -9999 -9999 -9999 -9999 -9999 -9999 -9999 -9999 -9999 -9999 -9999 282.8427 360.5551 412.3106 447.2136 500 565.6854 640.3124 700 700 707.1068 728.011 761.5773 806.2258 860.2325 900 900 905.5385 860.2325 806.2258 761.5773 728.011 707.1068 700 700 707.1068 728.011 761.5773 806.2258 860.2325 921.9545 943.3981 854.4004 761.5773 670.8204 583.0952 500 400 300 200 100 0 0 100 141.4214 223.6068 316.2278 412.3106 509.9019 608.2762 707.1068 806.2258 848.5281 781.025 721.1102 670.8204 632.4555 608.2762 600 608.2762 632.4555 583.0952
-9999 -9999 -9999 -9999 -9999 -9999 -9999 -9999 -9999 -9999 -9999 -9999 -9999 -9999 141.4214 223.6068 282.8427 316.2278 360.5551 424.2641 500 583.0952 600 600 608.2762 632.4555 670.8204 721.1102 781.025 800 800 806.2258 781.025 721.1102 670.8204 632.4555 608.2762 600 600 608.2762 632.4555 670.8204 721.1102 781.025 848.5281 894.4272 806.2258 721.1102 632.4555 538.5165 447.2136 360.5551 282.8427 200 100 0 0 100 200 282.8427 360.5551 447.2136 538.5165 632.4555 728.011 824.6212 921.9545 860.2325 806.2258 761.5773 728.011 707.1068 700 707.1068 721.1102 670.8204
-9999 -9999 -9999 -9999 -9999 -9999 -9999 -9999 -9999 -9999 -9999 -9999 -9999 -9999 100 141.4214 200 223.6068 282.8427 360.5551 447.2136 500 500 500 509.9019 538.5165 583.0952 640.3124 700 700 700 707.1068 707.1068 640.3124 583.0952 538.5165 509.9019 500 500 509.9019 538.5165 583.0952 640.3124 707.1068 781.025 854.4004 761.5773 670.8204 583.0952 500 412.3106 316.2278 223.6068 141.4214 100 0 0 100 200 300 400 500 583.0952 670.8204 761.5773 854.4004 948.6833 943.3981 894.4272 854.4004 824.6212 806.2258 800 806.2258 806.2258 761.5773
-9999 -9999 -9999 -9999 -9999 -9999 -9999 -9999 -9999 -9999 -9999 -9999 -9999 -9999 0 100 100 141.4214 223.6068 316.2278 360.5551 412.3106 400 400 412.3106 447.2136 500 565.6854 600 600 600 608.2762 632.4555 565.6854 500 447.2136 412.3106 400 400 412.3106 447.2136 500 565.6854 640.3124 721.1102 806.2258 721.1102 632.4555 538.5165 447.2136 360.5551 282.8427 200 100 0 0 0 100 200 300 400 500 600 700 800 894.4272 984.8858 1029.563 984.8858 948.6833 921.9545 905.5385 900 905.5385 894.4272 854.4004
-9999 -9999 -9999 -9999 -9999 -9999 -9999 -9999 -9999 -9999 -9999 -9999 -9999 -9999 0 0 0 100 200 223.6068 282.8427 316.2278 300 300 316.2278 360.5551 424.2641 500 500 500 500 509.9019 538.5165 500 424.2641 360.5551 316.2278 300 300 316.2278 360.5551 424.2641 500 583.0952 670.8204 761.5773 670.8204 583.0952 500 412.3106 316.2278 223.6068 141.4214 100 0 0 100 141.4214 223.6068 316.2278 412.3106 509.9019 608.2762 707.1068 806.2258 905.5385 1004.988 1104.536 1077.033 1044.031 1019.804 1004.988 989.9495 921.9545 860.2325 806.2258
-9999 -9999 -9999 -9999 -9999 -9999 -9999 -9999 -9999 -9999 -9999 -9999 -9999 100 100 100 0 100 100 141.4214 223.6068 223.6068 200 200 223.6068 282.8427 360.5551 412.3106 400 400 400 412.3106 447.2136 447.2136 360.5551 282.8427 223.6068 200 200 223.6068 282.8427 360.5551 447.2136 538.5165 632.4555 728.011 632.4555 538.5165 447.2136 360.5551 282.8427 200 100 0 0 0 100 200 282.8427 360.5551 447.2136 538.5165 632.4555 728.011 824.6212 921.9545 1019.804 1118.034 1170.47 1140.175 1081.665 1000 921.9545 848.5281 781.025 721.1102
-9999 -9999 -9999 -9999 -9999 -9999 -9999 -9999 -9999 -9999 -9999 -9999 -9999 0 0 0 0 0 0 100 141.4214 141.4214 100 100 141.4214 223.6068 282.8427 316.2278 300 300 300 316.2278 360.5551 412.3106 316.2278 223.6068 141.4214 100 100 141.4214 223.6068 316.2278 412.3106 509.9019 608.2762 707.1068 608.2762 509.9019 412.3106 316.2278 223.6068 141.4214 100 0 0 100 141.4214 223.6068 316.2278 412.3106 500 583.0952 670.8204 761.5773 854.4004 948.6833 1044.031 1140.175 1208.305 1118.034 1029.563 943.3981 860.2325 781.025 707.1068 640.3124
-9999 -9999 -9999 -9999 -9999 -9999 -9999 -9999 -9999 -9999 -9999 -9999 -9999 100 0 0 0 0 0 0 100 100 0 0 100 141.4214 200 223.6068 200 200 200 223.6068 282.8427 360.5551 300 200 100 0 0 100 200 300 400 500 600 670.8204 583.0952 500 400 300 200 100 0 0 100 141.4214 223.6068 282.8427 360.5551 447.2136 538.5165 632.4555 721.1102 806.2258 894.4272 984.8858 1077.033 1170.47 1170.47 1077.033 984.8858 894.4272 806.2258 721.1102 640.3124 565.6854
-9999 -9999 -9999 -9999 -9999 -9999 -9999 -9999 -9999 -9999 -9999 -9999 -9999 0 0 100 0 0 0 100 100 100 0 0 0 100 100 141.4214 100 100 100 141.4214 223.6068 316.2278 300 200 100 0 0 100 200 300 400 500 600 632.4555 538.5165 447.2136 360.5551 282.8427 200 100 0 0 100 200 282.8427 360.5551 424.2641 500 583.0952 670.8204 761.5773 854.4004 943.3981 1029.563 1118.034 1208.305 1140.175 1044.031 948.6833 854.4004 761.5773 670.8204 583.0952 500
-9999 -9999 -9999 -9999 -9999 -9999 -9999 -9999 -9999 -9999 -9999 -9999 0 0 100 100 0 0 0 0 0 0 0 0 0 0 0 100 0 0 0 100 200 300 316.2278 223.6068 141.4214 100 100 141.4214 223.6068 316.2278 412.3106 509.9019 608.2762 608.2762 509.9019 412.3106 316.2278 223.6068 141.4214 100 0 0 100 200 300 400 500 565.6854 640.3124 721.1102 806.2258 894.4272 984.8858 1077.033 1166.19 1216.552 1118.034 1019.804 921.9545 824.6212 728.011 632.4555 538.5165 447.2136
-9999 -9999 -9999 -9999 -9999 -9999 -9999 -9999 -9999 -9999 -9999 -9999 100 0 0 100 100 0 0 0 0 0 0 100 100 100 0 100 100 0 0 100 200 300 360.5551 282.8427 223.6068 200 200 223.6068 282.8427 360.5551 447.2136 538.5165 608.2762 600 500 400 300 200 100 0 0 0 100 200 300 400 500 600 700 781.025 860.2325 943.3981 1029.563 1118.034 1208.305 1204.159 1104.536 1004.988 905.5385 806.2258 707.1068 608.2762 509.9019 412.3106
-9999 -9999 -9999 -9999 -9999 -9999 -9999 -9999 -9999 -9999 -9999 -9999 0 0 0 0 0 0 0 0 0 0 0 0 0 100 0 100 141.4214 100 100 141.4214 223.6068 316.2278 412.3106 360.5551 316.2278 300 300 316.2278 360.5551 424.2641 500 500 509.9019 538.5165 509.9019 412.3106 316.2278 223.6068 141.4214 100 100 100 141.4214 223.6068 316.2278 412.3106 509.9019 608.2762 707.1068 806.2258 905.5385 1000 1081.665 1166.19 1252.996 1200 1100 1000 900 800 700 600 500 400
-9999 -9999 -9999 -9999 -9999 -9999 -9999 -9999 -9999 -9999 -9999 -9999 0 0 0 0 100 100 100 100 100 100 100 0 0 0 0 100 200 200 200 223.6068 282.8427 360.5551 424.2641 447.2136 412.3106 400 400 412.3106 447.2136 412.3106 400 400 412.3106 447.2136 500 447.2136 360.5551 282.8427 200 100 0 100 200 282.8427 360.5551 447.2136 538.5165 632.4555 728.011 824.6212 921.9545 1019.804 1118.034 1216.552 1303.84 1204.159 1104.536 1004.988 905.5385 806.2258 707.1068 608.2762 509.9019 412.3106
-9999 -9999 -9999 -9999 -9999 -9999 -9999 -9999 -9999 -9999 -9999 100 100 100 100 0 100 0 0 100 200 200 141.4214 100 100 100 100 141.4214 223.6068 223.6068 200 200 223.6068 282.8427 360.5551 447.2136 447.2136 412.3106 400 412.3106 360.5551 316.2278 300 300 316.2278 360.5551 400 360.5551 316.2278 300 223.6068 141.4214 100 141.4214 223.6068 316.2278 412.3106 500 583.0952 670.8204 761.5773 854.4004 948.6833 1044.031 1140.175 1236.932 1315.295 1216.552 1118.034 1019.804 921.9545 824.6212 728.011 632.4555 538.5165 447.2136
-9999 -9999 -9999 -9999 -9999 -9999 -9999 -9999 -9999 -9999 -9999 0 0 0 0 0 0 0 0 100 200 223.6068 223.6068 200 200 200 200 223.6068 223.6068 141.4214 100 100 141.4214 223.6068 316.2278 412.3106 360.5551 316.2278 300 316.2278 282.8427 223.6068 200 200 223.6068 282.8427 300 282.8427 223.6068 200 223.6068 223.6068 200 223.6068 282.8427 360.5551 447.2136 538.5165 632.4555 721.1102 806.2258 894.4272 984.8858 1077.033 1170.47 1264.911 1334.166 1236.932 1140.175 1044.031 948.6833 854.4004 761.5773 670.8204 583.0952 500
-9999 -9999 -9999 -9999 -9999 -9999 -9999 -9999 -9999 -9999 -9999 0 0 0 0 100 0 0 0 100 100 141.4214 223.6068 282.8427 300 300 300 300 200 100 0 0 100 200 300 360.5551 282.8427 223.6068 200 223.6068 223.6068 141.4214 100 100 141.4214 200 200 223.6068 141.4214 100 141.4214 223.6068 300 316.2278 360.5551 424.2641 500 583.0952 670.8204 761.5773 854.4004 943.3981 1029.563 1118.034 1208.305 1300 1341.641 1264.911 1170.47 1077.033 984.8858 894.4272 806.2258 721.1102 640.3124 565.6854
-9999 -9999 -9999 -9999 -9999 -9999 -9999 -9999 -9999 -9999 -9999 0 0 100 100 141.4214 100 0 0 0 0 100 141.4214 223.6068 316.2278 400 400 300 200 100 0 0 100 200 300 316.2278 223.6068 141.4214 100 141.4214 200 100 0 0 100 100 100 141.4214 100 0 100 200 300 400 447.2136 500 565.6854 640.3124 721.1102 806.2258 894.4272 984.8858 1077.033 1140.175 1170.47 1208.305 1252.996 1300 1208.305 1118.034 1029.563 943.3981 860.2325 781.025 707.1068 640.3124
-9999 -9999 -9999 -9999 -9999 -9999 -9999 -9999 -9999 -9999 -9999 100 100 141.4214 200 223.6068 141.4214 100 100 0 0 0 100 200 300 400 400 316.2278 223.6068 141.4214 100 100 141.4214 223.6068 316.2278 300 200 100 0 100 200 141.4214 100 100 100 0 0 100 0 0 100 200 300 400 500 583.0952 640.3124 707.1068 781.025 860.2325 943.3981 1004.988 1019.804 1044.031 1077.033 1118.034 1166.19 1200 1204.159 1166.19 1081.665 1000 921.9545 848.5281 781.025 721.1102
-9999 -9999 -9999 -9999 -9999 -9999 -9999 -9999 -9999 -9999 100 141.4214 200 223.6068 282.8427 282.8427 223.6068 200 100 0 0 100 141.4214 223.6068 316.2278 316.2278 300 300 282.8427 223.6068 200 200 223.6068 282.8427 360.5551 316.2278 223.6068 141.4214 100 141.4214 223.6068 141.4214 100 0 0 0 0 100 100 100 141.4214 223.6068 316.2278 412.3106 509.9019 608.2762 707.1068 781.025 848.5281 900 900 905.5385 921.9545 948.6833 984.8858 1029.563 1081.665 1100 1104.536 1118.034 1104.536 1063.015 989.9495 921.9545 854.4004 761.5773
-9999 -9999 -9999 -9999 -9999 -9999 -9999 -9999 -9999 -9999 100 100 100 141.4214 200 223.6068 200 200 141.4214 100 100 141.4214 223.6068 282.8427 282.8427 223.6068 200 200 223.6068 282.8427 300 300 316.2278 360.5551 424.2641 360.5551 282.8427 223.6068 200 223.6068 200 100 0 0 0 0 100 141.4214 200 200 223.6068 282.8427 360.5551 447.2136 538.5165 632.4555 728.011 824.6212 806.2258 800 800 806.2258 824.6212 854.4004 894.4272 943.3981 1000 1000 1004.988 1019.804 1004.988 1000 1000 921.9545 824.6212 728.011
-9999 -9999 -9999 -9999 -9999 -9999 -9999 -9999 -9999 -9999 0 0 0 100 100 141.4214 100 100 141.4214 200 200 223.6068 282.8427 316.2278 223.6068 141.4214 100 100 141.4214 223.6068 316.2278 400 412.3106 447.2136 500 424.2641 360.5551 316.2278 300 300 200 100 0 0 0 100 141.4214 223.6068 282.8427 300 316.2278 360.5551 424.2641 500 583.0952 670.8204 761.5773 728.011 707.1068 700 700 707.1068 728.011 761.5773 806.2258 860.2325 900 900 905.5385 921.9545 905.5385 900 900 900 806.2258 707.1068
-9999 -9999 -9999 -9999 -9999 -9999 -9999 -9999 -9999 -9999 0 0 0 0 0 100 0 0 100 141.4214 223.6068 282.8427 360.5551 300 200 100 0 0 100 200 300 400 500 538.5165 565.6854 500 447.2136 412.3106 400 300 200 100 0 100 100 141.4214 223.6068 282.8427 360.5551 400 412.3106 447.2136 500 565.6854 640.3124 721.1102 670.8204 632.4555 608.2762 600 600 608.2762 632.4555 670.8204 721.1102 781.025 800 800 806.2258 824.6212 806.2258 800 800 800 800 700
-9999 -9999 -9999 -9999 -9999 -9999 -9999 -9999 -9999 0 0 0 0 0 0 0 0 0 0 100 141.4214 223.6068 300 300 200 100 0 100 141.4214 223.6068 316.2278 412.3106 509.9019 608.2762 640.3124 583.0952 538.5165 509.9019 412.3106 316.2278 223.6068 141.4214 100 141.4214 200 223.6068 282.8427 360.5551 424.2641 500 509.9019 538.5165 583.0952 640.3124 707.1068 640.3124 583.0952 538.5165 509.9019 500 500 509.9019 538.5165 583.0952 640.3124 700 700 700 707.1068 728.011 707.1068 700 700 700 707.1068 700
-9999 -9999 -9999 -9999 -9999 -9999 -9999 -9999 -9999 0 0 0 0 100 100 0 0 0 100 0 100 200 200 223.6068 223.6068 141.4214 100 141.4214 223.6068 282.8427 360.5551 447.2136 538.5165 632.4555 721.1102 670.8204 632.4555 538.5165 447.2136 360.5551 282.8427 223.6068 200 223.6068 282.8427 316.2278 360.5551 424.2641 500 565.6854 608.2762 632.4555 670.8204 721.1102 640.3124 565.6854 500 447.2136 412.3106 400 400 412.3106 447.2136 500 565.6854 600 600 600 608.2762 632.4555 608.2762 600 600 600 608.2762 632.4555
-9999 -9999 -9999 -9999 -9999 -9999 -9999 -9999 -9999 100 0 100 100 141.4214 100 0 0 0 0 0 100 141.4214 100 141.4214 223.6068 223.6068 141.4214 100 141.4214 223.6068 316.2278 412.3106 509.9019 608.2762 707.1068 640.3124 583.0952 538.5165 447.2136 360.5551 282.8427 223.6068 200 223.6068 282.8427 360.5551 447.2136 500 565.6854 640.3124 707.1068 728.011 761.5773 670.8204 583.0952 500 424.2641 360.5551 316.2278 300 300 316.2278 360.5551 424.2641 500 500 500 500 509.9019 538.5165 509.9019 500 500 500 509.9019 538.5165
-9999 -9999 -9999 -9999 -9999 -9999 -9999 -9999 -9999 0 0 0 100 100 100 100 0 0 0 100 100 100 0 100 200 200 100 0 100 200 300 400 500 600 640.3124 565.6854 500 447.2136 412.3106 316.2278 223.6068 141.4214 100 141.4214 223.6068 316.2278 412.3106 509.9019 608.2762 707.1068 781.025 824.6212 728.011 632.4555 538.5165 447.2136 360.5551 282.8427 223.6068 200 200 223.6068 282.8427 360.5551 412.3106 400 400 400 412.3106 447.2136 412.3106 400 400 400 412.3106 447.2136
-9999 -9999 -9999 -9999 -9999 -9999 -9999 -9999 0 0 0 100 100 0 0 100 0 0 0 0 0 0 100 100 141.4214 223.6068 141.4214 100 141.4214 223.6068 316.2278 412.3106 509.9019 538.5165 583.0952 500 424.2641 360.5551 316.2278 300 200 100 0 100 200 300 400 500 600 700 800 806.2258 707.1068 608.2762 509.9019 412.3106 316.2278 223.6068 141.4214 100 100 141.4214 223.6068 316.2278 316.2278 300 300 300 316.2278 360.5551 316.2278 300 300 300 316.2278 360.5551
-9999 -9999 -9999 -9999 -9999 -9999 -9999 -9999 0 0 100 100 100 0 0 100 0 0 0 0 100 0 0 0 100 200 223.6068 200 223.6068 282.8427 360.5551 400 412.3106 447.2136 500 447.2136 360.5551 282.8427 223.6068 200 200 100 0 100 200 300 400 500 600 700 707.1068 728.011 700 600 500 400 300 200 100 0 0 100 200 282.8427 223.6068 200 200 200 223.6068 282.8427 223.6068 200 200 200 223.6068 282.8427
