slides/data/edge100_cl.txt
ncols         169
nrows         382
xllcorner     813515.0021541
yllcorner     1119250.21741
cellsize      100
NODATA_value  -9999
[rows 132 to 164 of 382, columns 76 to 151 of 169]
360.5551 282.8427 223.6068 200 223.6068 282.8427 360.5551 447.2136 538.5165 583.0952 500 424.2641 360.5551 316.2278 300 316.2278 300 200 100 0 0 100 0 0 100 200 300 200 100 0 0 100 200 300 223.6068 141.4214 100 141.4214 223.6068 316.2278 412.3106 447.2136 412.3106 316.2278 223.6068 141.4214 100 100 141.4214 223.6068 316.2278 300 200 100 0 100 141.4214 100 141.4214 200 200 100 0 100 100 0 -9999 -9999 -9999 -9999 -9999 -9999 -9999 -9999 -9999 -9999
300 223.6068 141.4214 100 141.4214 223.6068 316.2278 412.3106 509.9019 538.5165 447.2136 360.5551 282.8427 223.6068 200 223.6068 282.8427 200 100 0 0 100 100 100 141.4214 223.6068 300 200 100 0 0 100 200 300 282.8427 223.6068 200 223.6068 282.8427 360.5551 424.2641 360.5551 316.2278 300 200 100 0 0 100 200 300 316.2278 223.6068 141.4214 100 141.4214 223.6068 200 223.6068 282.8427 200 100 0 0 0 0 -9999 -9999 -9999 -9999 -9999 -9999 -9999 -9999 -9999 -9999
200 200 100 0 100 200 300 400 500 509.9019 412.3106 316.2278 223.6068 141.4214 100 141.4214 223.6068 223.6068 141.4214 100 100 141.4214 200 200 223.6068 282.8427 316.2278 223.6068 141.4214 100 100 141.4214 223.6068 316.2278 360.5551 316.2278 300 316.2278 360.5551 424.2641 360.5551 282.8427 223.6068 200 200 100 0 0 100 200 300 300 282.8427 223.6068 200 200 141.4214 100 141.4214 200 223.6068 141.4214 100 0 0 0 -9999 -9999 -9999 -9999 -9999 -9999 -9999 -9999 -9999 -9999
100 141.4214 141.4214 100 141.4214 223.6068 316.2278 412.3106 509.9019 500 400 300 200 100 0 100 200 282.8427 223.6068 200 200 223.6068 282.8427 300 316.2278 360.5551 360.5551 282.8427 223.6068 200 200 223.6068 282.8427 360.5551 447.2136 412.3106 400 412.3106 447.2136 412.3106 316.2278 223.6068 141.4214 100 141.4214 141.4214 100 100 141.4214 223.6068 223.6068 200 200 141.4214 100 100 100 0 100 100 141.4214 100 0 0 0 -9999 -9999 -9999 -9999 -9999 -9999 -9999 -9999 -9999 -9999 -9999
0 100 200 200 223.6068 282.8427 360.5551 447.2136 538.5165 509.9019 412.3106 316.2278 223.6068 141.4214 100 141.4214 223.6068 316.2278 223.6068 141.4214 100 141.4214 223.6068 316.2278 412.3106 447.2136 424.2641 360.5551 316.2278 300 300 316.2278 360.5551 424.2641 500 509.9019 500 509.9019 500 400 300 200 100 0 100 200 200 200 223.6068 223.6068 141.4214 100 100 100 0 0 0 0 0 0 100 100 0 100 100 -9999 -9999 -9999 -9999 -9999 -9999 -9999 -9999 -9999 -9999 -9999
100 141.4214 223.6068 300 316.2278 360.5551 424.2641 500 583.0952 538.5165 447.2136 360.5551 282.8427 223.6068 200 223.6068 282.8427 300 200 100 0 100 200 300 400 500 500 447.2136 412.3106 400 400 412.3106 447.2136 500 565.6854 608.2762 600 608.2762 509.9019 412.3106 316.2278 223.6068 141.4214 100 141.4214 223.6068 300 300 300 200 100 0 0 0 0 0 100 0 100 0 100 100 0 100 100 -9999 -9999 -9999 -9999 -9999 -9999 -9999 -9999 -9999 -9999 -9999
200 223.6068 282.8427 360.5551 412.3106 447.2136 500 565.6854 640.3124 583.0952 500 424.2641 360.5551 316.2278 300 316.2278 360.5551 316.2278 223.6068 141.4214 100 141.4214 223.6068 316.2278 412.3106 509.9019 583.0952 538.5165 509.9019 500 500 509.9019 538.5165 583.0952 640.3124 707.1068 700 632.4555 538.5165 447.2136 360.5551 282.8427 223.6068 200 223.6068 282.8427 360.5551 400 316.2278 223.6068 141.4214 100 0 0 0 0 0 0 0 0 0 100 0 0 0 -9999 -9999 -9999 -9999 -9999 -9999 -9999 -9999 -9999 -9999 -9999
300 316.2278 360.5551 412.3106 400 412.3106 447.2136 500 565.6854 640.3124 565.6854 500 447.2136 412.3106 400 412.3106 424.2641 360.5551 282.8427 223.6068 200 223.6068 282.8427 360.5551 447.2136 538.5165 632.4555 632.4555 608.2762 600 600 608.2762 632.4555 670.8204 721.1102 781.025 761.5773 670.8204 583.0952 500 424.2641 360.5551 316.2278 300 316.2278 360.5551 424.2641 412.3106 360.5551 282.8427 200 100 0 0 100 100 100 0 0 100 0 0 100 100 0 -9999 -9999 -9999 -9999 -9999 -9999 -9999 -9999 -9999 -9999 -9999
300 400 360.5551 316.2278 300 316.2278 360.5551 424.2641 500 583.0952 640.3124 583.0952 538.5165 509.9019 500 447.2136 360.5551 282.8427 223.6068 200 200 223.6068 282.8427 360.5551 447.2136 538.5165 632.4555 728.011 707.1068 700 700 707.1068 728.011 761.5773 806.2258 860.2325 806.2258 721.1102 640.3124 565.6854 500 447.2136 412.3106 400 412.3106 424.2641 360.5551 316.2278 282.8427 223.6068 141.4214 100 0 0 100 0 0 0 100 0 100 0 0 100 -9999 -9999 -9999 -9999 -9999 -9999 -9999 -9999 -9999 -9999 -9999 -9999
316.2278 360.5551 282.8427 223.6068 200 223.6068 282.8427 360.5551 447.2136 538.5165 632.4555 670.8204 632.4555 608.2762 509.9019 412.3106 316.2278 223.6068 141.4214 100 100 141.4214 223.6068 316.2278 412.3106 509.9019 608.2762 707.1068 806.2258 800 800 806.2258 824.6212 854.4004 894.4272 921.9545 848.5281 781.025 707.1068 640.3124 583.0952 538.5165 500 447.2136 412.3106 360.5551 282.8427 223.6068 200 141.4214 100 0 0 100 141.4214 100 0 100 100 0 100 100 0 100 -9999 -9999 -9999 -9999 -9999 -9999 -9999 -9999 -9999 -9999 -9999 -9999
360.5551 316.2278 223.6068 141.4214 100 141.4214 223.6068 316.2278 412.3106 509.9019 608.2762 707.1068 700 600 500 400 300 200 100 0 0 100 200 300 400 500 600 700 800 900 900 905.5385 921.9545 948.6833 943.3981 860.2325 781.025 707.1068 640.3124 565.6854 500 447.2136 412.3106 360.5551 316.2278 300 223.6068 141.4214 100 100 0 0 0 100 200 100 0 100 100 0 100 100 0 100 -9999 -9999 -9999 -9999 -9999 -9999 -9999 -9999 -9999 -9999 -9999 -9999
400 300 200 100 0 100 200 300 400 500 600 700 700 600 500 400 300 200 100 0 0 100 200 300 400 500 600 700 800 900 1000 1004.988 989.9495 921.9545 860.2325 806.2258 721.1102 640.3124 565.6854 500 424.2641 360.5551 316.2278 282.8427 223.6068 200 200 100 0 0 0 0 100 141.4214 141.4214 100 0 100 141.4214 100 141.4214 100 0 0 -9999 -9999 -9999 -9999 -9999 -9999 -9999 -9999 -9999 -9999 -9999 -9999
412.3106 316.2278 223.6068 141.4214 100 141.4214 223.6068 316.2278 412.3106 509.9019 608.2762 707.1068 707.1068 608.2762 509.9019 412.3106 316.2278 223.6068 141.4214 100 100 141.4214 223.6068 316.2278 412.3106 509.9019 608.2762 707.1068 806.2258 905.5385 1004.988 989.9495 921.9545 848.5281 781.025 721.1102 670.8204 583.0952 500 424.2641 360.5551 282.8427 223.6068 200 141.4214 100 100 100 0 0 0 100 100 100 100 0 0 100 200 200 200 141.4214 100 -9999 -9999 -9999 -9999 -9999 -9999 -9999 -9999 -9999 -9999 -9999 -9999 -9999
316.2278 360.5551 282.8427 223.6068 200 223.6068 282.8427 360.5551 447.2136 538.5165 632.4555 728.011 728.011 632.4555 538.5165 447.2136 360.5551 282.8427 223.6068 200 200 223.6068 282.8427 360.5551 447.2136 538.5165 632.4555 728.011 824.6212 921.9545 984.8858 921.9545 848.5281 781.025 707.1068 640.3124 583.0952 538.5165 447.2136 360.5551 282.8427 223.6068 141.4214 100 100 0 0 100 100 0 0 0 0 0 0 0 100 141.4214 141.4214 100 100 100 100 -9999 -9999 -9999 -9999 -9999 -9999 -9999 -9999 -9999 -9999 -9999 -9999 -9999
223.6068 282.8427 360.5551 316.2278 300 316.2278 360.5551 424.2641 500 583.0952 670.8204 761.5773 761.5773 670.8204 583.0952 500 424.2641 360.5551 316.2278 300 300 316.2278 360.5551 424.2641 500 583.0952 670.8204 761.5773 854.4004 943.3981 894.4272 848.5281 781.025 707.1068 640.3124 565.6854 500 447.2136 412.3106 316.2278 223.6068 141.4214 100 0 0 0 0 0 0 0 0 0 0 0 0 0 0 100 100 0 0 0 0 -9999 -9999 -9999 -9999 -9999 -9999 -9999 -9999 -9999 -9999 -9999 -9999 -9999
141.4214 223.6068 316.2278 412.3106 400 412.3106 447.2136 500 565.6854 640.3124 721.1102 806.2258 806.2258 721.1102 640.3124 565.6854 500 447.2136 412.3106 400 400 412.3106 447.2136 500 565.6854 640.3124 721.1102 806.2258 894.4272 860.2325 806.2258 761.5773 707.1068 640.3124 565.6854 500 424.2641 360.5551 316.2278 282.8427 200 100 0 0 100 100 100 0 0 0 100 100 100 0 100 0 0 100 100 0 100 100 0 -9999 -9999 -9999 -9999 -9999 -9999 -9999 -9999 -9999 -9999 -9999 -9999 -9999
100 200 300 400 447.2136 500 538.5165 583.0952 640.3124 707.1068 781.025 860.2325 860.2325 781.025 707.1068 640.3124 583.0952 538.5165 509.9019 500 500 509.9019 538.5165 583.0952 640.3124 707.1068 781.025 860.2325 848.5281 781.025 721.1102 670.8204 632.4555 565.6854 500 424.2641 360.5551 282.8427 223.6068 200 141.4214 100 0 0 100 100 141.4214 100 100 0 100 200 100 0 100 0 0 100 0 0 100 100 0 -9999 -9999 -9999 -9999 -9999 -9999 -9999 -9999 -9999 -9999 -9999 -9999 -9999
100 200 300 316.2278 360.5551 424.2641 500 583.0952 670.8204 761.5773 848.5281 921.9545 921.9545 848.5281 781.025 721.1102 670.8204 632.4555 608.2762 600 600 608.2762 632.4555 670.8204 721.1102 781.025 848.5281 860.2325 781.025 707.1068 640.3124 583.0952 538.5165 500 424.2641 360.5551 282.8427 223.6068 141.4214 100 100 0 0 100 0 0 100 200 100 0 100 141.4214 100 0 100 0 0 0 0 100 141.4214 100 -9999 -9999 -9999 -9999 -9999 -9999 -9999 -9999 -9999 -9999 -9999 -9999 -9999 -9999
141.4214 223.6068 200 223.6068 282.8427 360.5551 447.2136 538.5165 632.4555 728.011 824.6212 921.9545 989.9495 921.9545 860.2325 806.2258 761.5773 728.011 707.1068 700 700 707.1068 728.011 761.5773 806.2258 860.2325 894.4272 806.2258 721.1102 640.3124 565.6854 500 447.2136 412.3106 360.5551 282.8427 223.6068 141.4214 100 0 100 0 0 100 100 100 141.4214 200 100 0 0 100 100 0 0 100 100 0 100 141.4214 141.4214 100 -9999 -9999 -9999 -9999 -9999 -9999 -9999 -9999 -9999 -9999 -9999 -9999 -9999 -9999
200 141.4214 100 141.4214 223.6068 316.2278 412.3106 509.9019 608.2762 707.1068 806.2258 905.5385 1004.988 1000 943.3981 894.4272 854.4004 824.6212 806.2258 800 800 806.2258 824.6212 854.4004 894.4272 943.3981 854.4004 761.5773 670.8204 583.0952 500 424.2641 360.5551 316.2278 300 223.6068 141.4214 100 0 0 100 0 100 141.4214 200 200 223.6068 223.6068 141.4214 100 0 100 100 100 0 100 100 0 100 100 100 0 -9999 -9999 -9999 -9999 -9999 -9999 -9999 -9999 -9999 -9999 -9999 -9999 -9999 -9999
200 100 0 100 200 300 400 500 600 700 800 900 989.9495 1063.015 1029.563 984.8858 948.6833 921.9545 905.5385 900 900 905.5385 921.9545 948.6833 984.8858 921.9545 824.6212 728.011 632.4555 538.5165 447.2136 360.5551 282.8427 223.6068 200 200 100 0 0 0 0 0 100 200 282.8427 300 316.2278 223.6068 141.4214 100 0 0 0 100 0 100 100 0 100 0 0 0 -9999 -9999 -9999 -9999 -9999 -9999 -9999 -9999 -9999 -9999 -9999 -9999 -9999 -9999
223.6068 141.4214 100 141.4214 223.6068 316.2278 412.3106 509.9019 608.2762 707.1068 781.025 848.5281 921.9545 1000 1081.665 1077.033 1044.031 1019.804 1004.988 1000 1000 1004.988 1019.804 1044.031 1004.988 905.5385 806.2258 707.1068 608.2762 509.9019 412.3106 316.2278 223.6068 141.4214 100 100 100 0 0 0 0 100 141.4214 223.6068 316.2278 282.8427 223.6068 200 100 0 0 100 0 0 0 100 100 0 0 0 100 100 -9999 -9999 -9999 -9999 -9999 -9999 -9999 -9999 -9999 -9999 -9999 -9999 -9999 -9999
282.8427 223.6068 200 223.6068 282.8427 360.5551 447.2136 538.5165 583.0952 640.3124 707.1068 781.025 860.2325 943.3981 1029.563 1118.034 1140.175 1118.034 1104.536 1100 1100 1104.536 1118.034 1100 1000 900 800 700 600 500 400 300 200 100 0 0 100 100 0 0 100 141.4214 223.6068 282.8427 316.2278 223.6068 141.4214 100 100 0 0 100 100 0 0 100 141.4214 100 100 100 141.4214 -9999 -9999 -9999 -9999 -9999 -9999 -9999 -9999 -9999 -9999 -9999 -9999 -9999 -9999 -9999
360.5551 316.2278 300 316.2278 360.5551 400 412.3106 447.2136 500 565.6854 640.3124 721.1102 806.2258 894.4272 984.8858 1077.033 1170.47 1216.552 1204.159 1170.47 1140.175 1118.034 1104.536 1100 1000 900 800 700 600 500 400 300 200 100 0 0 100 100 0 0 100 200 282.8427 360.5551 282.8427 200 100 0 0 0 0 0 100 0 0 0 100 200 141.4214 100 100 -9999 -9999 -9999 -9999 -9999 -9999 -9999 -9999 -9999 -9999 -9999 -9999 -9999 -9999 -9999
400 412.3106 360.5551 316.2278 300 300 316.2278 360.5551 424.2641 500 583.0952 670.8204 761.5773 854.4004 948.6833 1044.031 1140.175 1166.19 1118.034 1077.033 1044.031 1019.804 1004.988 1000 1000 905.5385 806.2258 707.1068 608.2762 509.9019 412.3106 316.2278 223.6068 141.4214 100 100 141.4214 100 0 0 100 141.4214 223.6068 282.8427 223.6068 141.4214 100 0 100 100 100 0 100 0 100 0 100 100 100 0 0 -9999 -9999 -9999 -9999 -9999 -9999 -9999 -9999 -9999 -9999 -9999 -9999 -9999 -9999 -9999
412.3106 360.5551 282.8427 223.6068 200 200 223.6068 282.8427 360.5551 447.2136 538.5165 632.4555 728.011 824.6212 921.9545 1019.804 1118.034 1081.665 1029.563 984.8858 948.6833 921.9545 905.5385 900 900 905.5385 824.6212 728.011 632.4555 538.5165 447.2136 360.5551 282.8427 223.6068 200 200 223.6068 141.4214 100 0 0 100 141.4214 223.6068 200 100 0 0 100 141.4214 100 0 100 0 100 0 0 0 100 100 0 -9999 -9999 -9999 -9999 -9999 -9999 -9999 -9999 -9999 -9999 -9999 -9999 -9999 -9999 -9999
360.5551 282.8427 223.6068 141.4214 100 100 141.4214 223.6068 316.2278 412.3106 509.9019 608.2762 707.1068 806.2258 905.5385 1004.988 1063.015 1000 943.3981 894.4272 854.4004 824.6212 806.2258 800 800 806.2258 824.6212 761.5773 670.8204 583.0952 500 424.2641 360.5551 316.2278 300 300 282.8427 223.6068 141.4214 100 0 0 100 141.4214 141.4214 100 0 100 141.4214 100 0 0 0 0 100 100 100 0 0 0 -9999 -9999 -9999 -9999 -9999 -9999 -9999 -9999 -9999 -9999 -9999 -9999 -9999 -9999 -9999 -9999
316.2278 223.6068 141.4214 100 0 0 100 200 300 400 500 600 700 800 900 1000 989.9495 921.9545 860.2325 806.2258 761.5773 728.011 707.1068 700 700 707.1068 728.011 761.5773 721.1102 640.3124 565.6854 500 447.2136 412.3106 400 400 360.5551 282.8427 223.6068 141.4214 100 0 0 100 100 0 0 100 100 0 0 0 0 100 141.4214 200 141.4214 100 0 0 -9999 -9999 -9999 -9999 -9999 -9999 -9999 -9999 -9999 -9999 -9999 -9999 -9999 -9999 -9999 -9999
300 200 100 0 100 100 141.4214 223.6068 316.2278 412.3106 509.9019 608.2762 707.1068 806.2258 905.5385 1000 921.9545 848.5281 781.025 721.1102 670.8204 632.4555 608.2762 600 600 608.2762 632.4555 670.8204 721.1102 707.1068 640.3124 583.0952 538.5165 509.9019 500 500 424.2641 360.5551 282.8427 223.6068 141.4214 100 0 0 0 0 100 141.4214 100 0 0 100 100 141.4214 223.6068 282.8427 223.6068 141.4214 100 100 -9999 -9999 -9999 -9999 -9999 -9999 -9999 -9999 -9999 -9999 -9999 -9999 -9999 -9999 -9999 -9999
300 200 100 0 100 200 223.6068 282.8427 360.5551 447.2136 538.5165 632.4555 728.011 824.6212 921.9545 943.3981 860.2325 781.025 707.1068 640.3124 583.0952 538.5165 509.9019 500 500 509.9019 538.5165 583.0952 640.3124 707.1068 721.1102 670.8204 632.4555 608.2762 565.6854 500 447.2136 412.3106 360.5551 282.8427 223.6068 141.4214 100 100 100 100 141.4214 223.6068 141.4214 100 100 141.4214 200 223.6068 282.8427 360.5551 282.8427 223.6068 200 200 -9999 -9999 -9999 -9999 -9999 -9999 -9999 -9999 -9999 -9999 -9999 -9999 -9999 -9999 -9999 -9999
316.2278 223.6068 141.4214 100 141.4214 223.6068 316.2278 360.5551 424.2641 500 583.0952 670.8204 761.5773 854.4004 948.6833 894.4272 806.2258 721.1102 640.3124 565.6854 500 447.2136 412.3106 400 400 412.3106 447.2136 500 565.6854 640.3124 721.1102 761.5773 670.8204 583.0952 500 424.2641 360.5551 316.2278 300 316.2278 282.8427 223.6068 200 200 200 200 223.6068 282.8427 223.6068 200 200 223.6068 282.8427 316.2278 360.5551 360.5551 316.2278 300 300 300 -9999 -9999 -9999 -9999 -9999 -9999 -9999 -9999 -9999 -9999 -9999 -9999 -9999 -9999 -9999 -9999
316.2278 223.6068 141.4214 100 141.4214 223.6068 316.2278 412.3106 500 565.6854 640.3124 721.1102 806.2258 894.4272 948.6833 854.4004 761.5773 670.8204 583.0952 500 424.2641 360.5551 316.2278 300 300 316.2278 360.5551 424.2641 500 583.0952 670.8204 670.8204 632.4555 538.5165 447.2136 360.5551 282.8427 223.6068 200 223.6068 282.8427 316.2278 300 300 300 300 316.2278 360.5551 316.2278 300 300 316.2278 360.5551 412.3106 360.5551 282.8427 223.6068 200 200 -9999 -9999 -9999 -9999 -9999 -9999 -9999 -9999 -9999 -9999 -9999 -9999 -9999 -9999 -9999 -9999 -9999
300 200 100 0 100 200 300 400 500 600 700 781.025 860.2325 943.3981 921.9545 824.6212 728.011 632.4555 538.5165 447.2136 360.5551 282.8427 223.6068 200 200 223.6068 282.8427 360.5551 447.2136 538.5165 632.4555 583.0952 538.5165 509.9019 412.3106 316.2278 223.6068 141.4214 100 141.4214 223.6068 316.2278 282.8427 223.6068 200 223.6068 282.8427 360.5551 412.3106 400 400 412.3106 447.2136 360.5551 282.8427 223.6068 141.4214 100 100 -9999 -9999 -9999 -9999 -9999 -9999 -9999 -9999 -9999 -9999 -9999 -9999 -9999 -9999 -9999 -9999 -9999
