slides/data/edge100_cl.txt
ncols         169
nrows         382
xllcorner     813515.0021541
yllcorner     1119250.21741
cellsize      100
NODATA_value  -9999
[rows 198 to 230 of 382, columns 0 to 75 of 169]
-9999 -9999 -9999 -9999 -9999 -9999 -9999 -9999 -9999 -9999 -9999 -9999 -9999 -9999 -9999 -9999 -9999 -9999 -9999 -9999 -9999 -9999 -9999 -9999 -9999 -9999 -9999 -9999 -9999 -9999 -9999 -9999 -9999 -9999 -9999 -9999 -9999 -9999 -9999 100 141.4214 200 200 141.4214 100 100 100 100 0 0 0 100 200 200 100 0 100 200 200 223.6068 282.8427 360.5551 447.2136 538.5165 632.4555 632.4555 608.2762 600 608.2762 632.4555 670.8204 721.1102 781.025 848.5281 921.9545 1000
-9999 -9999 -9999 -9999 -9999 -9999 -9999 -9999 -9999 -9999 -9999 -9999 -9999 -9999 -9999 -9999 -9999 -9999 -9999 -9999 -9999 -9999 -9999 -9999 -9999 -9999 -9999 -9999 -9999 -9999 -9999 -9999 -9999 -9999 -9999 -9999 -9999 -9999 -9999 141.4214 223.6068 282.8427 282.8427 223.6068 200 200 200 141.4214 100 100 100 141.4214 223.6068 141.4214 100 100 141.4214 223.6068 300 316.2278 360.5551 424.2641 500 583.0952 670.8204 728.011 707.1068 700 707.1068 728.011 761.5773 806.2258 860.2325 921.9545 989.9495 1063.015
-9999 -9999 -9999 -9999 -9999 -9999 -9999 -9999 -9999 -9999 -9999 -9999 -9999 -9999 -9999 -9999 -9999 -9999 -9999 -9999 -9999 -9999 -9999 -9999 -9999 -9999 -9999 -9999 -9999 -9999 -9999 -9999 -9999 -9999 -9999 -9999 -9999 -9999 -9999 100 200 300 360.5551 316.2278 300 300 282.8427 223.6068 200 200 141.4214 100 141.4214 100 0 100 200 282.8427 360.5551 412.3106 447.2136 500 565.6854 640.3124 721.1102 806.2258 806.2258 800 806.2258 824.6212 854.4004 894.4272 943.3981 1000 1063.015 1131.371
-9999 -9999 -9999 -9999 -9999 -9999 -9999 -9999 -9999 -9999 -9999 -9999 -9999 -9999 -9999 -9999 -9999 -9999 -9999 -9999 -9999 -9999 -9999 -9999 -9999 -9999 -9999 -9999 -9999 -9999 -9999 -9999 -9999 -9999 -9999 -9999 -9999 -9999 -9999 100 200 300 400 412.3106 360.5551 282.8427 223.6068 200 223.6068 200 100 0 100 141.4214 100 141.4214 223.6068 282.8427 360.5551 447.2136 538.5165 583.0952 640.3124 707.1068 781.025 860.2325 905.5385 900 905.5385 921.9545 948.6833 984.8858 1029.563 1081.665 1140.175 1204.159
-9999 -9999 -9999 -9999 -9999 -9999 -9999 -9999 -9999 -9999 -9999 -9999 -9999 -9999 -9999 -9999 -9999 -9999 -9999 -9999 -9999 -9999 -9999 -9999 -9999 -9999 -9999 -9999 -9999 -9999 -9999 -9999 -9999 -9999 -9999 -9999 -9999 -9999 100 141.4214 223.6068 316.2278 412.3106 412.3106 316.2278 223.6068 141.4214 100 141.4214 200 100 0 100 200 141.4214 100 141.4214 223.6068 316.2278 412.3106 509.9019 608.2762 707.1068 781.025 848.5281 921.9545 1000 1000 1004.988 1019.804 1044.031 1077.033 1118.034 1166.19 1220.656 1280.625
-9999 -9999 -9999 -9999 -9999 -9999 -9999 -9999 -9999 -9999 -9999 -9999 -9999 -9999 -9999 -9999 -9999 -9999 -9999 -9999 -9999 -9999 -9999 -9999 -9999 -9999 -9999 -9999 -9999 -9999 -9999 -9999 -9999 -9999 -9999 -9999 -9999 -9999 200 223.6068 282.8427 360.5551 447.2136 400 300 200 100 0 100 100 100 100 141.4214 200 100 0 100 200 300 400 500 600 700 800 900 989.9495 1063.015 1100 1104.536 1118.034 1140.175 1170.47 1208.305 1252.996 1303.84 1360.147
-9999 -9999 -9999 -9999 -9999 -9999 -9999 -9999 -9999 -9999 -9999 -9999 -9999 -9999 -9999 -9999 -9999 -9999 -9999 -9999 -9999 -9999 -9999 -9999 -9999 -9999 -9999 -9999 -9999 -9999 -9999 -9999 -9999 -9999 -9999 -9999 -9999 -9999 300 316.2278 360.5551 424.2641 500 412.3106 316.2278 223.6068 141.4214 100 100 0 0 100 200 223.6068 141.4214 100 141.4214 223.6068 316.2278 412.3106 509.9019 608.2762 707.1068 806.2258 905.5385 1004.988 1104.536 1200 1204.159 1216.552 1236.932 1264.911 1300 1341.641 1389.244 1442.22
-9999 -9999 -9999 -9999 -9999 -9999 -9999 -9999 -9999 -9999 -9999 -9999 -9999 -9999 -9999 -9999 -9999 -9999 -9999 -9999 -9999 -9999 -9999 -9999 -9999 -9999 -9999 -9999 -9999 -9999 -9999 -9999 -9999 -9999 -9999 -9999 -9999 -9999 400 412.3106 447.2136 500 447.2136 412.3106 360.5551 282.8427 223.6068 200 100 0 0 100 200 282.8427 223.6068 200 223.6068 282.8427 360.5551 447.2136 538.5165 632.4555 728.011 824.6212 921.9545 1019.804 1118.034 1216.552 1303.84 1315.295 1334.166 1360.147 1392.839 1431.782 1476.482 1526.434
-9999 -9999 -9999 -9999 -9999 -9999 -9999 -9999 -9999 -9999 -9999 -9999 -9999 -9999 -9999 -9999 -9999 -9999 -9999 -9999 -9999 -9999 -9999 -9999 -9999 -9999 -9999 -9999 -9999 -9999 -9999 -9999 -9999 -9999 -9999 -9999 -9999 360.5551 447.2136 509.9019 500 424.2641 360.5551 316.2278 300 300 316.2278 223.6068 141.4214 100 100 141.4214 223.6068 316.2278 316.2278 300 316.2278 360.5551 424.2641 500 583.0952 670.8204 761.5773 854.4004 948.6833 1044.031 1140.175 1236.932 1334.166 1414.214 1431.782 1456.022 1486.607 1523.155 1565.248 1612.452
-9999 -9999 -9999 -9999 -9999 -9999 -9999 -9999 -9999 -9999 -9999 -9999 -9999 -9999 -9999 -9999 -9999 -9999 -9999 -9999 -9999 -9999 -9999 -9999 -9999 -9999 -9999 -9999 -9999 -9999 -9999 -9999 -9999 -9999 -9999 -9999 -9999 424.2641 500 538.5165 447.2136 360.5551 282.8427 223.6068 200 200 223.6068 282.8427 223.6068 200 200 223.6068 282.8427 360.5551 412.3106 400 412.3106 447.2136 500 565.6854 640.3124 721.1102 806.2258 894.4272 984.8858 1077.033 1170.47 1264.911 1360.147 1456.022 1529.706 1552.417 1581.139 1615.549 1655.295 1700
-9999 -9999 -9999 -9999 -9999 -9999 -9999 -9999 -9999 -9999 -9999 -9999 -9999 -9999 -9999 -9999 -9999 -9999 -9999 -9999 -9999 -9999 -9999 -9999 -9999 -9999 -9999 -9999 -9999 -9999 -9999 -9999 -9999 -9999 -9999 -9999 -9999 500 565.6854 509.9019 412.3106 316.2278 223.6068 141.4214 100 100 141.4214 223.6068 223.6068 141.4214 100 141.4214 223.6068 316.2278 412.3106 500 509.9019 538.5165 583.0952 640.3124 707.1068 781.025 860.2325 943.3981 1029.563 1118.034 1208.305 1300 1392.839 1486.607 1581.139 1649.242 1676.305 1708.801 1746.425 1788.854
-9999 -9999 -9999 -9999 -9999 -9999 -9999 -9999 -9999 -9999 -9999 -9999 -9999 -9999 -9999 -9999 -9999 -9999 -9999 -9999 -9999 -9999 -9999 -9999 -9999 -9999 -9999 -9999 -9999 -9999 -9999 -9999 -9999 -9999 -9999 -9999 -9999 447.2136 500 447.2136 400 300 200 100 0 0 100 200 200 100 0 100 200 300 400 500 600 632.4555 670.8204 721.1102 781.025 848.5281 921.9545 1000 1081.665 1166.19 1252.996 1341.641 1431.782 1523.155 1615.549 1708.801 1772.005 1802.776 1838.478 1878.829
-9999 -9999 -9999 -9999 -9999 -9999 -9999 -9999 -9999 -9999 -9999 -9999 -9999 -9999 -9999 -9999 -9999 -9999 -9999 -9999 -9999 -9999 -9999 -9999 -9999 -9999 -9999 -9999 -9999 -9999 -9999 -9999 -9999 -9999 -9999 -9999 316.2278 412.3106 424.2641 360.5551 316.2278 300 223.6068 141.4214 100 100 141.4214 223.6068 200 100 0 100 200 300 400 500 600 700 761.5773 806.2258 860.2325 921.9545 989.9495 1063.015 1140.175 1220.656 1303.84 1389.244 1476.482 1565.248 1655.295 1746.425 1838.478 1897.367 1931.321 1931.321
-9999 -9999 -9999 -9999 -9999 -9999 -9999 -9999 -9999 -9999 -9999 -9999 -9999 -9999 -9999 -9999 -9999 -9999 -9999 -9999 -9999 -9999 -9999 -9999 -9999 -9999 -9999 -9999 -9999 -9999 -9999 -9999 -9999 -9999 -9999 -9999 300 400 360.5551 282.8427 223.6068 200 200 200 200 200 223.6068 141.4214 100 141.4214 100 141.4214 223.6068 316.2278 412.3106 509.9019 608.2762 707.1068 806.2258 894.4272 943.3981 1000 1063.015 1131.371 1204.159 1280.625 1360.147 1442.22 1526.434 1612.452 1700 1788.854 1824.829 1843.909 1868.154 1897.367
-9999 -9999 -9999 -9999 -9999 -9999 -9999 -9999 -9999 -9999 -9999 -9999 -9999 -9999 -9999 -9999 -9999 -9999 -9999 -9999 -9999 -9999 -9999 -9999 -9999 -9999 -9999 -9999 -9999 -9999 -9999 -9999 -9999 -9999 -9999 -9999 316.2278 412.3106 316.2278 223.6068 141.4214 100 100 100 141.4214 223.6068 141.4214 100 0 100 200 223.6068 282.8427 360.5551 447.2136 538.5165 632.4555 728.011 806.2258 860.2325 921.9545 989.9495 1063.015 1140.175 1220.656 1303.84 1389.244 1476.482 1565.248 1655.295 1702.939 1711.724 1726.268 1746.425 1772.005 1802.776
-9999 -9999 -9999 -9999 -9999 -9999 -9999 -9999 -9999 -9999 -9999 -9999 -9999 -9999 -9999 -9999 -9999 -9999 -9999 -9999 -9999 -9999 -9999 -9999 -9999 -9999 -9999 -9999 -9999 -9999 -9999 -9999 -9999 -9999 -9999 -9999 282.8427 360.5551 300 200 100 0 0 0 100 200 100 0 0 100 200 300 360.5551 424.2641 500 583.0952 632.4555 670.8204 721.1102 781.025 848.5281 921.9545 1000 1081.665 1166.19 1252.996 1341.641 1431.782 1523.155 1600 1603.122 1612.452 1627.882 1649.242 1676.305 1708.801
-9999 -9999 -9999 -9999 -9999 -9999 -9999 -9999 -9999 -9999 -9999 -9999 -9999 -9999 -9999 -9999 -9999 -9999 -9999 -9999 -9999 -9999 -9999 -9999 -9999 -9999 -9999 -9999 -9999 -9999 -9999 -9999 -9999 -9999 -9999 141.4214 223.6068 316.2278 316.2278 223.6068 141.4214 100 0 0 100 200 100 0 0 100 200 300 360.5551 424.2641 500 509.9019 538.5165 583.0952 640.3124 707.1068 781.025 860.2325 943.3981 1029.563 1118.034 1208.305 1300 1392.839 1486.607 1500 1503.33 1513.275 1529.706 1552.417 1581.139 1615.549
-9999 -9999 -9999 -9999 -9999 -9999 -9999 -9999 -9999 -9999 -9999 -9999 -9999 -9999 -9999 -9999 -9999 -9999 -9999 -9999 -9999 -9999 -9999 -9999 -9999 -9999 -9999 -9999 -9999 -9999 -9999 -9999 -9999 -9999 -9999 100 200 300 360.5551 282.8427 223.6068 141.4214 100 100 141.4214 223.6068 141.4214 100 100 141.4214 200 223.6068 282.8427 360.5551 400 412.3106 447.2136 500 565.6854 640.3124 721.1102 806.2258 894.4272 984.8858 1077.033 1170.47 1264.911 1360.147 1400 1400 1403.567 1414.214 1431.782 1456.022 1486.607 1523.155
-9999 -9999 -9999 -9999 -9999 -9999 -9999 -9999 -9999 -9999 -9999 -9999 -9999 -9999 -9999 -9999 -9999 -9999 -9999 -9999 -9999 -9999 -9999 -9999 -9999 -9999 -9999 -9999 -9999 -9999 -9999 -9999 -9999 -9999 -9999 141.4214 223.6068 316.2278 412.3106 360.5551 282.8427 223.6068 200 200 223.6068 282.8427 223.6068 200 200 141.4214 100 141.4214 223.6068 316.2278 300 316.2278 360.5551 424.2641 500 583.0952 670.8204 761.5773 854.4004 948.6833 1044.031 1140.175 1236.932 1303.84 1300 1300 1303.84 1315.295 1334.166 1360.147 1392.839 1431.782
-9999 -9999 -9999 -9999 -9999 -9999 -9999 -9999 -9999 -9999 -9999 -9999 -9999 -9999 -9999 -9999 -9999 -9999 -9999 -9999 -9999 -9999 -9999 -9999 -9999 -9999 -9999 -9999 -9999 -9999 -9999 -9999 -9999 -9999 -9999 223.6068 282.8427 360.5551 447.2136 424.2641 360.5551 316.2278 300 300 316.2278 360.5551 316.2278 300 200 100 0 100 200 223.6068 200 223.6068 282.8427 360.5551 447.2136 538.5165 632.4555 728.011 824.6212 921.9545 1019.804 1118.034 1216.552 1204.159 1200 1200 1204.159 1216.552 1236.932 1264.911 1300 1341.641
-9999 -9999 -9999 -9999 -9999 -9999 -9999 -9999 -9999 -9999 -9999 -9999 -9999 -9999 -9999 -9999 -9999 -9999 -9999 -9999 -9999 -9999 -9999 -9999 -9999 -9999 -9999 -9999 -9999 -9999 -9999 -9999 -9999 -9999 300 300 300 316.2278 360.5551 424.2641 447.2136 412.3106 400 400 412.3106 447.2136 412.3106 316.2278 223.6068 141.4214 100 141.4214 223.6068 141.4214 100 141.4214 223.6068 316.2278 412.3106 509.9019 608.2762 707.1068 806.2258 905.5385 1004.988 1104.536 1118.034 1104.536 1100 1100 1104.536 1118.034 1140.175 1170.47 1208.305 1252.996
-9999 -9999 -9999 -9999 -9999 -9999 -9999 -9999 -9999 -9999 -9999 -9999 -9999 -9999 -9999 -9999 -9999 -9999 -9999 -9999 -9999 -9999 -9999 -9999 -9999 -9999 -9999 -9999 -9999 -9999 -9999 -9999 -9999 -9999 200 200 200 223.6068 282.8427 360.5551 412.3106 447.2136 500 500 509.9019 538.5165 447.2136 360.5551 282.8427 223.6068 200 223.6068 200 100 0 100 200 300 400 500 600 700 800 900 1000 1044.031 1019.804 1004.988 1000 1000 1004.988 1019.804 1044.031 1077.033 1118.034 1166.19
-9999 -9999 -9999 -9999 -9999 -9999 -9999 -9999 -9999 -9999 -9999 -9999 -9999 -9999 -9999 -9999 -9999 -9999 -9999 -9999 -9999 -9999 -9999 -9999 -9999 -9999 -9999 -9999 -9999 -9999 -9999 -9999 -9999 -9999 100 100 100 141.4214 223.6068 282.8427 316.2278 360.5551 424.2641 500 565.6854 583.0952 500 424.2641 360.5551 316.2278 300 300 200 100 0 100 200 300 400 500 600 700 800 900 984.8858 948.6833 921.9545 905.5385 900 900 905.5385 921.9545 948.6833 984.8858 1029.563 1081.665
-9999 -9999 -9999 -9999 -9999 -9999 -9999 -9999 -9999 -9999 -9999 -9999 -9999 -9999 -9999 -9999 -9999 -9999 -9999 -9999 -9999 -9999 -9999 -9999 -9999 -9999 -9999 -9999 -9999 -9999 -9999 -9999 -9999 -9999 0 0 0 100 141.4214 200 223.6068 282.8427 360.5551 424.2641 500 583.0952 565.6854 500 447.2136 412.3106 400 316.2278 223.6068 141.4214 100 141.4214 223.6068 316.2278 412.3106 509.9019 608.2762 707.1068 806.2258 894.4272 894.4272 854.4004 824.6212 806.2258 800 800 806.2258 824.6212 854.4004 894.4272 943.3981 1000
-9999 -9999 -9999 -9999 -9999 -9999 -9999 -9999 -9999 -9999 -9999 -9999 -9999 -9999 -9999 -9999 -9999 -9999 -9999 -9999 -9999 -9999 -9999 -9999 -9999 -9999 -9999 -9999 -9999 -9999 -9999 -9999 -9999 -9999 0 0 0 0 100 100 141.4214 223.6068 282.8427 360.5551 447.2136 538.5165 632.4555 583.0952 538.5165 509.9019 447.2136 360.5551 282.8427 223.6068 200 223.6068 282.8427 360.5551 447.2136 538.5165 632.4555 728.011 761.5773 806.2258 806.2258 761.5773 728.011 707.1068 700 700 707.1068 728.011 761.5773 806.2258 860.2325 921.9545
-9999 -9999 -9999 -9999 -9999 -9999 -9999 -9999 -9999 -9999 -9999 -9999 -9999 -9999 -9999 -9999 -9999 -9999 -9999 -9999 -9999 -9999 -9999 -9999 -9999 -9999 -9999 -9999 -9999 -9999 -9999 -9999 -9999 0 100 100 100 0 0 0 100 141.4214 223.6068 316.2278 412.3106 509.9019 608.2762 670.8204 632.4555 583.0952 500 424.2641 360.5551 316.2278 300 316.2278 360.5551 424.2641 500 583.0952 608.2762 632.4555 670.8204 721.1102 721.1102 670.8204 632.4555 608.2762 600 600 608.2762 632.4555 670.8204 721.1102 781.025 848.5281
-9999 -9999 -9999 -9999 -9999 -9999 -9999 -9999 -9999 -9999 -9999 -9999 -9999 -9999 -9999 -9999 -9999 -9999 -9999 -9999 -9999 -9999 -9999 -9999 -9999 -9999 -9999 -9999 -9999 -9999 -9999 -9999 -9999 0 100 200 141.4214 100 100 0 0 100 200 300 400 500 600 700 721.1102 640.3124 565.6854 500 447.2136 412.3106 400 412.3106 447.2136 500 500 500 509.9019 538.5165 583.0952 640.3124 640.3124 583.0952 538.5165 509.9019 500 500 509.9019 538.5165 583.0952 640.3124 707.1068 781.025
-9999 -9999 -9999 -9999 -9999 -9999 -9999 -9999 -9999 -9999 -9999 -9999 -9999 -9999 -9999 -9999 -9999 -9999 -9999 -9999 -9999 -9999 -9999 -9999 -9999 -9999 -9999 -9999 -9999 -9999 -9999 -9999 -9999 0 100 100 100 0 0 0 0 100 200 300 400 500 600 700 781.025 707.1068 640.3124 583.0952 538.5165 509.9019 500 500 447.2136 412.3106 400 400 412.3106 447.2136 500 565.6854 565.6854 500 447.2136 412.3106 400 400 412.3106 447.2136 500 565.6854 640.3124 721.1102
-9999 -9999 -9999 -9999 -9999 -9999 -9999 -9999 -9999 -9999 -9999 -9999 -9999 -9999 -9999 -9999 -9999 -9999 -9999 -9999 -9999 -9999 -9999 -9999 -9999 -9999 -9999 -9999 -9999 -9999 -9999 -9999 -9999 0 100 0 0 0 100 100 100 141.4214 223.6068 316.2278 412.3106 509.9019 608.2762 707.1068 806.2258 781.025 721.1102 670.8204 632.4555 583.0952 500 424.2641 360.5551 316.2278 300 300 316.2278 360.5551 424.2641 500 500 424.2641 360.5551 316.2278 300 300 316.2278 360.5551 424.2641 500 583.0952 670.8204
-9999 -9999 -9999 -9999 -9999 -9999 -9999 -9999 -9999 -9999 -9999 -9999 -9999 -9999 -9999 -9999 -9999 -9999 -9999 -9999 -9999 -9999 -9999 -9999 -9999 -9999 -9999 -9999 -9999 -9999 -9999 -9999 0 0 0 0 100 100 141.4214 100 100 141.4214 223.6068 316.2278 412.3106 509.9019 608.2762 707.1068 806.2258 860.2325 806.2258 728.011 632.4555 538.5165 447.2136 360.5551 282.8427 223.6068 200 200 223.6068 282.8427 360.5551 447.2136 447.2136 360.5551 282.8427 223.6068 200 200 223.6068 282.8427 360.5551 447.2136 538.5165 632.4555
-9999 -9999 -9999 -9999 -9999 -9999 -9999 -9999 -9999 -9999 -9999 -9999 -9999 -9999 -9999 -9999 -9999 -9999 -9999 -9999 -9999 -9999 -9999 -9999 -9999 -9999 -9999 -9999 -9999 -9999 -9999 -9999 0 0 100 100 141.4214 200 100 0 0 100 200 300 400 500 600 700 800 900 806.2258 707.1068 608.2762 509.9019 412.3106 316.2278 223.6068 141.4214 100 100 141.4214 223.6068 316.2278 412.3106 412.3106 316.2278 223.6068 141.4214 100 100 141.4214 223.6068 316.2278 412.3106 509.9019 608.2762
-9999 -9999 -9999 -9999 -9999 -9999 -9999 -9999 -9999 -9999 -9999 -9999 -9999 -9999 -9999 -9999 -9999 -9999 -9999 -9999 -9999 -9999 -9999 -9999 -9999 -9999 -9999 -9999 -9999 -9999 -9999 -9999 0 0 100 200 223.6068 223.6068 141.4214 100 100 141.4214 223.6068 316.2278 412.3106 509.9019 608.2762 707.1068 806.2258 900 800 700 600 500 400 300 200 100 0 0 100 200 300 400 400 300 200 100 0 0 100 200 300 400 500 600
-9999 -9999 -9999 -9999 -9999 -9999 -9999 -9999 -9999 -9999 -9999 -9999 -9999 -9999 -9999 -9999 -9999 -9999 -9999 -9999 -9999 -9999 -9999 -9999 -9999 -9999 -9999 -9999 -9999 -9999 -9999 -9999 100 100 141.4214 223.6068 316.2278 282.8427 223.6068 200 200 223.6068 282.8427 360.5551 447.2136 538.5165 632.4555 728.011 824.6212 905.5385 806.2258 707.1068 608.2762 509.9019 412.3106 316.2278 223.6068 141.4214 100 100 141.4214 223.6068 316.2278 412.3106 412.3106 316.2278 223.6068 141.4214 100 100 141.4214 223.6068 316.2278 412.3106 509.9019 608.2762
