slides/data/elev100m_cl.txt
ncols         169
nrows         382
xllcorner     813515.0021541
yllcorner     1119250.21741
cellsize      100
NODATA_value  -9999
[rows 185 to 221 of 382, columns 0 to 83 of 169]
-9999 -9999 -9999 -9999 -9999 -9999 -9999 -9999 -9999 -9999 -9999 -9999 -9999 -9999 -9999 -9999 -9999 -9999 -9999 -9999 -9999 -9999 -9999 -9999 -9999 -9999 -9999 -9999 -9999 -9999 -9999 -9999 -9999 -9999 -9999 -9999 -9999 -9999 -9999 -9999 -9999 -9999 925 921 922 927 926 917 905 899 892 877 872 861 851 858 846 794 760 815 836 849 855 846 839 841 840 831 832 828 822 827 821 805 800 801 803 806 807 805 793 807 807 810
-9999 -9999 -9999 -9999 -9999 -9999 -9999 -9999 -9999 -9999 -9999 -9999 -9999 -9999 -9999 -9999 -9999 -9999 -9999 -9999 -9999 -9999 -9999 -9999 -9999 -9999 -9999 -9999 -9999 -9999 -9999 -9999 -9999 -9999 -9999 -9999 -9999 -9999 -9999 -9999 -9999 -9999 934 934 927 929 929 922 911 896 879 868 865 861 864 865 839 777 787 849 866 877 869 860 856 854 851 846 845 843 839 834 824 814 814 811 814 814 814 811 804 817 821 818
-9999 -9999 -9999 -9999 -9999 -9999 -9999 -9999 -9999 -9999 -9999 -9999 -9999 -9999 -9999 -9999 -9999 -9999 -9999 -9999 -9999 -9999 -9999 -9999 -9999 -9999 -9999 -9999 -9999 -9999 -9999 -9999 -9999 -9999 -9999 -9999 -9999 -9999 -9999 -9999 -9999 -9999 945 946 935 936 944 938 911 899 892 887 884 880 886 885 872 837 807 864 888 886 882 872 868 868 854 845 848 853 847 842 836 823 830 831 827 826 822 823 814 822 827 822
-9999 -9999 -9999 -9999 -9999 -9999 -9999 -9999 -9999 -9999 -9999 -9999 -9999 -9999 -9999 -9999 -9999 -9999 -9999 -9999 -9999 -9999 -9999 -9999 -9999 -9999 -9999 -9999 -9999 -9999 -9999 -9999 -9999 -9999 -9999 -9999 -9999 -9999 -9999 -9999 -9999 964 961 977 974 972 965 954 938 933 908 895 897 896 902 900 874 844 833 882 900 893 893 885 885 880 859 850 853 859 857 851 849 841 843 841 837 834 836 834 825 821 830 832
-9999 -9999 -9999 -9999 -9999 -9999 -9999 -9999 -9999 -9999 -9999 -9999 -9999 -9999 -9999 -9999 -9999 -9999 -9999 -9999 -9999 -9999 -9999 -9999 -9999 -9999 -9999 -9999 -9999 -9999 -9999 -9999 -9999 -9999 -9999 -9999 -9999 -9999 -9999 -9999 -9999 994 996 993 990 987 976 964 960 935 915 912 917 913 915 908 877 830 844 899 903 903 902 895 899 886 865 862 864 867 866 864 865 858 857 854 845 840 845 834 838 836 836 838
-9999 -9999 -9999 -9999 -9999 -9999 -9999 -9999 -9999 -9999 -9999 -9999 -9999 -9999 -9999 -9999 -9999 -9999 -9999 -9999 -9999 -9999 -9999 -9999 -9999 -9999 -9999 -9999 -9999 -9999 -9999 -9999 -9999 -9999 -9999 -9999 -9999 -9999 -9999 -9999 -9999 1006 1009 1011 1006 998 989 983 972 941 927 926 931 926 924 911 869 829 824 902 910 912 911 909 906 887 877 878 876 872 875 874 884 868 870 868 860 853 855 844 852 848 848 846
-9999 -9999 -9999 -9999 -9999 -9999 -9999 -9999 -9999 -9999 -9999 -9999 -9999 -9999 -9999 -9999 -9999 -9999 -9999 -9999 -9999 -9999 -9999 -9999 -9999 -9999 -9999 -9999 -9999 -9999 -9999 -9999 -9999 -9999 -9999 -9999 -9999 -9999 -9999 -9999 -9999 1021 1025 1022 1016 1005 1003 991 975 945 942 939 941 941 926 896 874 863 839 894 917 920 919 918 906 895 889 894 888 884 888 890 891 880 881 872 869 866 863 859 863 860 858 855
-9999 -9999 -9999 -9999 -9999 -9999 -9999 -9999 -9999 -9999 -9999 -9999 -9999 -9999 -9999 -9999 -9999 -9999 -9999 -9999 -9999 -9999 -9999 -9999 -9999 -9999 -9999 -9999 -9999 -9999 -9999 -9999 -9999 -9999 -9999 -9999 -9999 -9999 -9999 -9999 1029 1041 1045 1037 1027 1015 1001 987 973 954 958 962 954 946 912 913 910 891 884 901 926 925 932 924 911 908 903 907 903 900 901 905 897 891 894 885 881 877 876 868 870 869 866 857
-9999 -9999 -9999 -9999 -9999 -9999 -9999 -9999 -9999 -9999 -9999 -9999 -9999 -9999 -9999 -9999 -9999 -9999 -9999 -9999 -9999 -9999 -9999 -9999 -9999 -9999 -9999 -9999 -9999 -9999 -9999 -9999 -9999 -9999 -9999 -9999 -9999 -9999 -9999 -9999 1042 1053 1057 1046 1026 1013 1005 993 973 963 967 974 963 942 924 933 930 905 905 930 934 933 942 932 925 924 919 920 917 908 907 914 905 901 901 897 892 890 885 881 882 877 873 860
-9999 -9999 -9999 -9999 -9999 -9999 -9999 -9999 -9999 -9999 -9999 -9999 -9999 -9999 -9999 -9999 -9999 -9999 -9999 -9999 -9999 -9999 -9999 -9999 -9999 -9999 -9999 -9999 -9999 -9999 -9999 -9999 -9999 -9999 -9999 -9999 -9999 -9999 -9999 -9999 1063 1067 1064 1049 1032 1012 999 988 977 970 978 980 967 959 939 944 950 927 909 938 946 947 943 940 937 938 938 937 924 916 922 924 912 905 907 909 902 900 891 891 892 883 873 871
-9999 -9999 -9999 -9999 -9999 -9999 -9999 -9999 -9999 -9999 -9999 -9999 -9999 -9999 -9999 -9999 -9999 -9999 -9999 -9999 -9999 -9999 -9999 -9999 -9999 -9999 -9999 -9999 -9999 -9999 -9999 -9999 -9999 -9999 -9999 -9999 -9999 -9999 -9999 -9999 1079 1084 1075 1058 1036 1020 1006 993 984 987 989 980 977 968 961 971 970 940 911 942 954 957 951 952 947 948 956 945 935 933 933 921 919 913 918 918 910 908 899 896 895 888 881 880
-9999 -9999 -9999 -9999 -9999 -9999 -9999 -9999 -9999 -9999 -9999 -9999 -9999 -9999 -9999 -9999 -9999 -9999 -9999 -9999 -9999 -9999 -9999 -9999 -9999 -9999 -9999 -9999 -9999 -9999 -9999 -9999 -9999 -9999 -9999 -9999 -9999 -9999 -9999 1087 1086 1083 1072 1057 1048 1034 1018 1006 993 1001 993 986 985 973 973 983 977 944 927 956 962 965 961 962 957 959 960 953 949 947 943 930 931 926 929 923 929 926 926 921 920 899 897 890
-9999 -9999 -9999 -9999 -9999 -9999 -9999 -9999 -9999 -9999 -9999 -9999 -9999 -9999 -9999 -9999 -9999 -9999 -9999 -9999 -9999 -9999 -9999 -9999 -9999 -9999 -9999 -9999 -9999 -9999 -9999 -9999 -9999 -9999 -9999 -9999 -9999 -9999 -9999 1097 1089 1081 1072 1061 1055 1040 1027 1021 1014 1009 1000 990 993 979 984 997 992 967 942 963 973 971 968 975 973 970 971 979 979 969 965 958 951 950 954 943 944 938 938 935 924 902 900 896
-9999 -9999 -9999 -9999 -9999 -9999 -9999 -9999 -9999 -9999 -9999 -9999 -9999 -9999 -9999 -9999 -9999 -9999 -9999 -9999 -9999 -9999 -9999 -9999 -9999 -9999 -9999 -9999 -9999 -9999 -9999 -9999 -9999 -9999 -9999 -9999 -9999 -9999 -9999 1107 1097 1088 1075 1066 1058 1045 1037 1036 1034 1016 1010 998 997 987 999 1007 990 950 951 998 1005 996 988 1000 993 993 998 996 987 977 970 970 965 966 965 957 957 955 951 938 928 913 909 904
-9999 -9999 -9999 -9999 -9999 -9999 -9999 -9999 -9999 -9999 -9999 -9999 -9999 -9999 -9999 -9999 -9999 -9999 -9999 -9999 -9999 -9999 -9999 -9999 -9999 -9999 -9999 -9999 -9999 -9999 -9999 -9999 -9999 -9999 -9999 -9999 -9999 -9999 -9999 1109 1100 1088 1073 1068 1062 1059 1054 1058 1050 1039 1026 1025 1011 1021 1033 1004 967 986 1003 1014 1023 1014 1008 1009 1000 1003 1008 999 984 982 979 980 980 979 976 975 971 958 946 939 932 923 911 913
-9999 -9999 -9999 -9999 -9999 -9999 -9999 -9999 -9999 -9999 -9999 -9999 -9999 -9999 -9999 -9999 -9999 -9999 -9999 -9999 -9999 -9999 -9999 -9999 -9999 -9999 -9999 -9999 -9999 -9999 -9999 -9999 -9999 -9999 -9999 -9999 -9999 -9999 1114 1098 1087 1080 1087 1086 1087 1072 1077 1082 1070 1069 1044 1045 1031 1024 1041 1017 990 1024 1030 1027 1039 1025 1024 1021 1012 1014 1014 1005 1004 995 993 990 991 988 988 986 976 960 956 953 939 928 922 922
-9999 -9999 -9999 -9999 -9999 -9999 -9999 -9999 -9999 -9999 -9999 -9999 -9999 -9999 -9999 -9999 -9999 -9999 -9999 -9999 -9999 -9999 -9999 -9999 -9999 -9999 -9999 -9999 -9999 -9999 -9999 -9999 -9999 -9999 -9999 -9999 -9999 -9999 1123 1112 1106 1105 1097 1104 1093 1088 1091 1080 1081 1075 1062 1062 1048 1039 1053 1025 1017 1040 1046 1043 1046 1038 1036 1029 1022 1025 1027 1015 1014 1003 1004 1004 1000 999 998 987 978 977 963 950 942 945 932 931
-9999 -9999 -9999 -9999 -9999 -9999 -9999 -9999 -9999 -9999 -9999 -9999 -9999 -9999 -9999 -9999 -9999 -9999 -9999 -9999 -9999 -9999 -9999 -9999 -9999 -9999 -9999 -9999 -9999 -9999 -9999 -9999 -9999 -9999 -9999 -9999 -9999 -9999 1129 1123 1114 1109 1114 1113 1097 1094 1091 1085 1090 1082 1075 1068 1049 1059 1056 1024 1030 1051 1056 1055 1055 1055 1050 1043 1038 1035 1035 1023 1025 1020 1018 1016 1011 1009 1006 999 992 983 965 954 948 956 948 947
-9999 -9999 -9999 -9999 -9999 -9999 -9999 -9999 -9999 -9999 -9999 -9999 -9999 -9999 -9999 -9999 -9999 -9999 -9999 -9999 -9999 -9999 -9999 -9999 -9999 -9999 -9999 -9999 -9999 -9999 -9999 -9999 -9999 -9999 -9999 -9999 -9999 -9999 1139 1127 1121 1122 1124 1114 1107 1104 1099 1099 1098 1090 1077 1069 1069 1071 1045 1030 1054 1062 1068 1064 1059 1071 1064 1053 1048 1048 1043 1032 1037 1033 1028 1026 1022 1019 1014 1008 994 988 968 959 961 970 958 961
-9999 -9999 -9999 -9999 -9999 -9999 -9999 -9999 -9999 -9999 -9999 -9999 -9999 -9999 -9999 -9999 -9999 -9999 -9999 -9999 -9999 -9999 -9999 -9999 -9999 -9999 -9999 -9999 -9999 -9999 -9999 -9999 -9999 -9999 -9999 -9999 -9999 -9999 1146 1135 1128 1127 1126 1120 1118 1112 1105 1107 1105 1099 1079 1074 1080 1076 1039 1048 1071 1073 1076 1071 1066 1084 1083 1070 1064 1064 1051 1050 1048 1048 1041 1034 1033 1026 1015 1006 1003 995 977 977 975 982 973 972
-9999 -9999 -9999 -9999 -9999 -9999 -9999 -9999 -9999 -9999 -9999 -9999 -9999 -9999 -9999 -9999 -9999 -9999 -9999 -9999 -9999 -9999 -9999 -9999 -9999 -9999 -9999 -9999 -9999 -9999 -9999 -9999 -9999 -9999 -9999 -9999 -9999 1173 1159 1149 1140 1132 1135 1132 1122 1111 1112 1116 1106 1096 1085 1085 1085 1065 1031 1052 1074 1082 1079 1073 1071 1087 1093 1084 1078 1076 1066 1060 1063 1062 1058 1041 1038 1030 1020 1013 1008 1000 990 991 988 993 980 967
-9999 -9999 -9999 -9999 -9999 -9999 -9999 -9999 -9999 -9999 -9999 -9999 -9999 -9999 -9999 -9999 -9999 -9999 -9999 -9999 -9999 -9999 -9999 -9999 -9999 -9999 -9999 -9999 -9999 -9999 -9999 -9999 -9999 -9999 -9999 -9999 -9999 1174 1163 1155 1141 1143 1141 1129 1123 1118 1122 1115 1106 1101 1095 1097 1081 1052 1041 1067 1082 1091 1088 1081 1081 1092 1101 1101 1095 1091 1082 1078 1077 1072 1067 1047 1047 1040 1028 1022 1017 1009 1001 999 998 997 978 977
-9999 -9999 -9999 -9999 -9999 -9999 -9999 -9999 -9999 -9999 -9999 -9999 -9999 -9999 -9999 -9999 -9999 -9999 -9999 -9999 -9999 -9999 -9999 -9999 -9999 -9999 -9999 -9999 -9999 -9999 -9999 -9999 -9999 -9999 -9999 -9999 -9999 1181 1172 1158 1155 1153 1142 1133 1129 1127 1121 1119 1118 1108 1107 1097 1067 1059 1081 1095 1093 1095 1097 1091 1088 1099 1105 1114 1104 1100 1094 1088 1092 1081 1076 1066 1055 1046 1038 1034 1028 1020 1009 1005 1003 999 983 986
-9999 -9999 -9999 -9999 -9999 -9999 -9999 -9999 -9999 -9999 -9999 -9999 -9999 -9999 -9999 -9999 -9999 -9999 -9999 -9999 -9999 -9999 -9999 -9999 -9999 -9999 -9999 -9999 -9999 -9999 -9999 -9999 -9999 -9999 -9999 -9999 -9999 1192 1179 1170 1167 1155 1147 1141 1139 1132 1127 1134 1122 1117 1118 1091 1075 1089 1095 1110 1108 1110 1108 1099 1094 1109 1111 1115 1110 1105 1101 1103 1108 1096 1084 1070 1058 1053 1051 1051 1046 1034 1032 1024 1019 1007 999 994
-9999 -9999 -9999 -9999 -9999 -9999 -9999 -9999 -9999 -9999 -9999 -9999 -9999 -9999 -9999 -9999 -9999 -9999 -9999 -9999 -9999 -9999 -9999 -9999 -9999 -9999 -9999 -9999 -9999 -9999 -9999 -9999 -9999 -9999 -9999 -9999 1210 1196 1188 1185 1167 1162 1154 1146 1137 1131 1137 1137 1124 1127 1127 1102 1091 1108 1110 1123 1122 1125 1119 1105 1104 1108 1116 1114 1118 1114 1112 1115 1112 1108 1097 1090 1080 1072 1066 1059 1052 1048 1037 1035 1023 1018 1008 993
-9999 -9999 -9999 -9999 -9999 -9999 -9999 -9999 -9999 -9999 -9999 -9999 -9999 -9999 -9999 -9999 -9999 -9999 -9999 -9999 -9999 -9999 -9999 -9999 -9999 -9999 -9999 -9999 -9999 -9999 -9999 -9999 -9999 -9999 -9999 -9999 1212 1204 1201 1192 1175 1169 1160 1154 1137 1137 1144 1139 1125 1124 1131 1116 1109 1117 1116 1132 1138 1134 1132 1130 1128 1120 1125 1129 1129 1120 1124 1123 1116 1113 1105 1098 1087 1085 1075 1066 1059 1050 1044 1039 1026 1028 1026 999
-9999 -9999 -9999 -9999 -9999 -9999 -9999 -9999 -9999 -9999 -9999 -9999 -9999 -9999 -9999 -9999 -9999 -9999 -9999 -9999 -9999 -9999 -9999 -9999 -9999 -9999 -9999 -9999 -9999 -9999 -9999 -9999 -9999 -9999 -9999 -9999 1219 1212 1207 1196 1181 1170 1160 1153 1138 1142 1147 1137 1128 1128 1145 1131 1116 1129 1137 1132 1137 1143 1141 1143 1144 1132 1136 1138 1136 1130 1136 1136 1131 1125 1113 1104 1095 1086 1075 1072 1067 1060 1049 1034 1038 1035 1021 1014
-9999 -9999 -9999 -9999 -9999 -9999 -9999 -9999 -9999 -9999 -9999 -9999 -9999 -9999 -9999 -9999 -9999 -9999 -9999 -9999 -9999 -9999 -9999 -9999 -9999 -9999 -9999 -9999 -9999 -9999 -9999 -9999 -9999 -9999 -9999 -9999 1221 1218 1213 1201 1173 1181 1174 1164 1156 1159 1160 1154 1156 1153 1157 1124 1115 1126 1144 1145 1141 1148 1153 1155 1150 1149 1148 1148 1144 1143 1154 1152 1145 1127 1114 1102 1096 1091 1086 1082 1074 1061 1046 1044 1043 1037 1032 1025
-9999 -9999 -9999 -9999 -9999 -9999 -9999 -9999 -9999 -9999 -9999 -9999 -9999 -9999 -9999 -9999 -9999 -9999 -9999 -9999 -9999 -9999 -9999 -9999 -9999 -9999 -9999 -9999 -9999 -9999 -9999 -9999 -9999 -9999 -9999 1224 1224 1218 1213 1208 1198 1191 1190 1181 1162 1168 1169 1171 1169 1160 1165 1132 1134 1130 1141 1153 1149 1156 1166 1171 1171 1165 1164 1158 1156 1158 1168 1164 1153 1134 1120 1115 1098 1104 1101 1089 1075 1059 1053 1050 1043 1044 1043 1027
-9999 -9999 -9999 -9999 -9999 -9999 -9999 -9999 -9999 -9999 -9999 -9999 -9999 -9999 -9999 -9999 -9999 -9999 -9999 -9999 -9999 -9999 -9999 -9999 -9999 -9999 -9999 -9999 -9999 -9999 -9999 -9999 -9999 -9999 -9999 1231 1235 1229 1222 1216 1213 1201 1201 1185 1177 1180 1185 1183 1172 1169 1172 1142 1143 1133 1142 1165 1153 1156 1163 1173 1177 1170 1177 1167 1165 1171 1178 1167 1156 1144 1133 1129 1106 1110 1106 1082 1074 1067 1059 1051 1052 1052 1049 1036
-9999 -9999 -9999 -9999 -9999 -9999 -9999 -9999 -9999 -9999 -9999 -9999 -9999 -9999 -9999 -9999 -9999 -9999 -9999 -9999 -9999 -9999 -9999 -9999 -9999 -9999 -9999 -9999 -9999 -9999 -9999 -9999 -9999 -9999 -9999 1240 1242 1234 1226 1227 1220 1208 1203 1196 1199 1194 1196 1196 1185 1177 1162 1138 1153 1143 1146 1168 1167 1156 1171 1188 1185 1179 1185 1176 1175 1186 1181 1163 1156 1147 1142 1135 1120 1109 1095 1095 1093 1081 1071 1059 1057 1063 1055 1043
-9999 -9999 -9999 -9999 -9999 -9999 -9999 -9999 -9999 -9999 -9999 -9999 -9999 -9999 -9999 -9999 -9999 -9999 -9999 -9999 -9999 -9999 -9999 -9999 -9999 -9999 -9999 -9999 -9999 -9999 -9999 -9999 -9999 -9999 -9999 1248 1246 1241 1234 1230 1221 1214 1211 1209 1208 1202 1209 1206 1195 1181 1157 1156 1167 1160 1154 1176 1174 1170 1187 1203 1197 1195 1191 1188 1190 1193 1189 1168 1164 1160 1156 1150 1138 1106 1107 1111 1101 1092 1081 1070 1066 1070 1069 1057
-9999 -9999 -9999 -9999 -9999 -9999 -9999 -9999 -9999 -9999 -9999 -9999 -9999 -9999 -9999 -9999 -9999 -9999 -9999 -9999 -9999 -9999 -9999 -9999 -9999 -9999 -9999 -9999 -9999 -9999 -9999 -9999 -9999 -9999 1251 1257 1255 1244 1241 1231 1222 1218 1218 1213 1210 1209 1213 1198 1172 1162 1163 1171 1171 1164 1166 1177 1179 1182 1201 1208 1207 1207 1198 1201 1197 1197 1188 1174 1171 1169 1166 1155 1135 1126 1126 1117 1105 1092 1078 1074 1077 1079 1080 1061
-9999 -9999 -9999 -9999 -9999 -9999 -9999 -9999 -9999 -9999 -9999 -9999 -9999 -9999 -9999 -9999 -9999 -9999 -9999 -9999 -9999 -9999 -9999 -9999 -9999 -9999 -9999 -9999 -9999 -9999 -9999 -9999 -9999 -9999 1248 1257 1260 1250 1243 1237 1223 1220 1219 1213 1212 1212 1200 1174 1176 1183 1174 1182 1173 1170 1172 1177 1182 1190 1196 1210 1217 1218 1209 1203 1201 1200 1190 1177 1170 1161 1154 1146 1147 1140 1132 1124 1111 1096 1085 1088 1089 1088 1089 1070
-9999 -9999 -9999 -9999 -9999 -9999 -9999 -9999 -9999 -9999 -9999 -9999 -9999 -9999 -9999 -9999 -9999 -9999 -9999 -9999 -9999 -9999 -9999 -9999 -9999 -9999 -9999 -9999 -9999 -9999 -9999 -9999 -9999 -9999 1255 1253 1263 1257 1256 1242 1230 1223 1219 1216 1214 1198 1184 1193 1201 1197 1187 1190 1181 1176 1179 1178 1192 1205 1205 1206 1217 1220 1214 1208 1199 1192 1185 1181 1169 1161 1163 1164 1166 1145 1140 1129 1118 1105 1101 1103 1104 1104 1099 1096
-9999 -9999 -9999 -9999 -9999 -9999 -9999 -9999 -9999 -9999 -9999 -9999 -9999 -9999 -9999 -9999 -9999 -9999 -9999 -9999 -9999 -9999 -9999 -9999 -9999 -9999 -9999 -9999 -9999 -9999 -9999 -9999 -9999 -9999 1268 1261 1270 1266 1260 1247 1240 1228 1225 1224 1213 1186 1197 1212 1222 1211 1214 1204 1195 1184 1191 1183 1196 1218 1219 1208 1216 1222 1213 1204 1190 1188 1186 1188 1176 1178 1178 1176 1180 1156 1149 1149 1135 1135 1127 1119 1126 1131 1124 1114
-9999 -9999 -9999 -9999 -9999 -9999 -9999 -9999 -9999 -9999 -9999 -9999 -9999 -9999 -9999 -9999 -9999 -9999 -9999 -9999 -9999 -9999 -9999 -9999 -9999 -9999 -9999 -9999 -9999 -9999 -9999 -9999 -9999 1263 1264 1270 1276 1272 1260 1257 1257 1237 1231 1232 1210 1203 1212 1223 1230 1221 1225 1220 1206 1192 1199 1190 1191 1208 1217 1213 1216 1227 1213 1208 1202 1204 1228 1218 1203 1208 1199 1198 1197 1178 1166 1150 1146 1149 1140 1130 1135 1135 1125 1111
