slides/data/elev100m_cl.txt
ncols         169
nrows         382
xllcorner     813515.0021541
yllcorner     1119250.21741
cellsize      100
NODATA_value  -9999
[rows 37 to 73 of 382, columns 84 to 167 of 169]
69 112 125 119 115 101 97 91 70 69 86 97 79 84 91 93 93 87 85 82 85 100 118 118 116 107 120 118 114 118 116 109 112 108 98 97 110 118 111 105 114 112 109 98 102 101 97 92 96 88 79 74 67 66 75 78 76 77 80 77 69 65 64 66 53 50 47 46 50 48 49 52 51 57 60 55 50 56 58 -9999 -9999 -9999 -9999 -9999
67 118 128 121 108 96 88 76 61 83 104 105 74 72 70 70 74 101 98 104 103 111 112 113 120 132 127 117 116 121 111 119 121 104 95 103 106 109 111 107 114 115 107 96 96 91 89 85 83 82 75 74 67 74 79 78 75 78 76 73 66 66 63 64 52 48 43 44 51 47 46 50 52 58 60 59 50 55 -9999 -9999 -9999 -9999 -9999 -9999
76 122 130 126 119 90 75 77 78 113 111 93 84 73 71 80 109 122 117 121 126 116 122 129 125 125 114 118 125 124 118 128 116 97 101 112 115 110 119 114 110 111 102 93 95 85 80 81 75 72 73 76 74 79 81 74 69 68 64 63 63 67 70 66 53 45 40 43 49 46 45 45 53 58 59 59 59 53 -9999 -9999 -9999 -9999 -9999 -9999
96 121 131 128 117 105 82 88 116 118 111 95 80 75 73 83 119 131 128 131 130 121 122 134 125 123 119 124 123 119 120 123 113 102 106 108 114 117 119 117 120 109 97 94 88 84 77 77 80 78 79 81 85 85 79 69 62 65 65 65 67 68 71 67 59 41 42 42 48 47 49 49 54 57 55 58 60 53 -9999 -9999 -9999 -9999 -9999 -9999
123 122 125 116 106 91 77 94 117 119 101 100 74 78 82 101 124 135 136 128 121 128 130 131 129 130 131 123 125 126 120 112 103 107 108 109 108 118 120 112 104 106 100 89 81 76 78 78 82 79 81 83 86 79 73 64 64 68 68 62 70 71 74 65 56 41 38 40 44 47 49 47 49 50 48 58 58 55 -9999 -9999 -9999 -9999 -9999 -9999
125 124 114 98 86 76 82 105 119 110 104 97 73 77 95 107 123 138 136 129 122 126 125 136 138 141 138 130 134 134 121 108 104 110 110 106 102 121 123 118 112 118 105 93 96 89 88 88 80 83 82 82 74 67 63 61 68 70 66 72 74 72 69 60 56 40 39 38 40 46 54 47 48 44 49 53 55 -9999 -9999 -9999 -9999 -9999 -9999 -9999
123 123 91 101 111 112 113 111 110 112 107 85 77 80 101 116 128 137 136 132 131 135 127 140 138 132 129 119 122 124 113 107 111 115 126 121 107 123 126 121 116 116 113 111 102 99 102 95 82 80 74 70 64 74 70 71 68 67 65 69 70 67 66 63 55 44 43 40 42 48 50 49 52 46 49 53 48 -9999 -9999 -9999 -9999 -9999 -9999 -9999
116 106 94 113 127 118 105 114 120 120 99 80 78 87 104 114 128 136 136 139 140 130 121 142 138 128 123 118 111 112 117 116 121 128 133 123 118 129 129 127 131 119 122 121 111 101 98 91 84 85 78 69 72 77 76 82 76 70 64 63 64 65 62 61 50 49 49 52 46 49 53 54 54 49 48 51 53 -9999 -9999 -9999 -9999 -9999 -9999 -9999
115 102 116 126 124 115 118 123 122 109 95 80 81 90 102 107 121 139 144 141 136 114 115 144 133 129 127 121 119 129 131 125 126 135 134 133 135 136 133 132 127 126 128 125 117 107 104 96 90 93 87 81 84 85 83 88 77 67 72 69 66 62 64 65 46 42 46 50 48 47 57 51 50 52 52 45 50 -9999 -9999 -9999 -9999 -9999 -9999 -9999
117 109 127 119 118 128 130 128 112 99 101 92 77 88 104 108 113 127 145 140 137 124 121 133 128 122 116 110 122 147 144 125 128 137 140 141 145 141 140 137 131 134 132 132 121 118 112 109 103 93 82 85 98 98 98 97 94 83 74 69 66 69 65 65 58 45 52 51 48 55 59 55 51 47 57 57 50 -9999 -9999 -9999 -9999 -9999 -9999 -9999
118 114 134 121 121 128 134 126 117 109 112 93 79 93 105 117 120 121 132 138 148 139 134 130 132 134 125 112 113 130 145 138 131 135 140 143 143 144 142 143 139 130 130 132 130 126 116 103 96 90 94 98 101 98 95 97 91 80 72 72 74 76 73 68 55 44 52 48 50 54 49 53 52 52 56 58 -9999 -9999 -9999 -9999 -9999 -9999 -9999 -9999
118 128 126 120 131 135 130 113 119 113 103 80 86 93 100 114 128 124 122 139 153 141 141 137 129 136 128 122 121 128 141 137 136 141 141 141 136 138 137 135 135 132 135 135 136 128 110 98 99 106 108 107 105 93 87 87 84 83 79 77 76 81 79 59 47 49 45 47 47 49 48 48 49 50 53 56 -9999 -9999 -9999 -9999 -9999 -9999 -9999 -9999
128 142 124 123 131 136 122 113 113 106 85 81 111 95 93 97 110 120 129 151 151 139 139 147 129 124 115 120 126 132 134 145 147 143 143 137 129 131 134 132 131 132 138 139 140 125 104 99 108 111 106 99 94 86 91 91 89 91 81 78 82 83 69 57 54 49 45 45 48 53 49 48 56 56 60 59 -9999 -9999 -9999 -9999 -9999 -9999 -9999 -9999
136 135 124 133 137 128 118 121 109 96 85 95 120 102 96 95 103 120 133 152 154 157 155 158 137 128 124 129 131 139 142 148 141 132 134 134 131 124 124 130 129 131 136 138 137 113 105 109 111 109 101 96 100 93 97 101 97 88 85 84 84 78 73 65 52 50 46 48 53 53 51 55 61 59 55 56 -9999 -9999 -9999 -9999 -9999 -9999 -9999 -9999
138 126 124 133 133 123 123 115 100 107 116 124 136 140 144 121 114 126 140 161 164 163 146 141 133 129 132 135 131 133 141 147 143 143 133 127 125 126 133 131 133 132 128 129 127 103 111 120 120 110 100 100 102 95 100 102 99 101 99 91 85 73 72 62 51 48 49 48 56 55 50 54 55 52 57 60 -9999 -9999 -9999 -9999 -9999 -9999 -9999 -9999
141 145 136 123 123 122 109 109 122 129 139 140 138 149 153 122 118 146 152 161 157 147 141 135 134 134 135 135 131 137 143 150 148 146 148 137 126 138 143 138 137 140 132 124 120 109 116 120 116 108 102 113 107 106 107 106 108 105 97 83 73 69 79 75 63 52 53 52 54 53 51 48 50 55 64 -9999 -9999 -9999 -9999 -9999 -9999 -9999 -9999 -9999
146 149 137 125 128 123 115 124 126 135 143 154 150 153 150 120 120 160 173 168 162 151 150 141 142 136 138 140 134 139 152 153 149 142 142 141 139 144 140 134 139 141 132 132 132 113 124 120 116 110 109 115 111 114 113 110 112 106 90 77 78 81 88 84 81 60 54 55 54 55 58 62 73 66 60 -9999 -9999 -9999 -9999 -9999 -9999 -9999 -9999 -9999
143 138 127 124 122 115 122 127 124 137 136 150 154 155 146 125 118 153 173 169 167 164 154 153 150 138 133 135 136 132 148 154 153 151 146 154 144 140 140 137 139 140 137 137 131 118 123 123 119 109 110 119 117 117 114 110 108 98 80 81 94 89 87 84 84 68 52 53 57 65 66 73 80 77 71 -9999 -9999 -9999 -9999 -9999 -9999 -9999 -9999 -9999
137 128 130 124 125 124 134 129 140 150 142 144 150 150 133 122 118 136 170 170 169 166 161 162 140 133 140 152 143 134 150 160 157 156 160 159 147 143 143 142 138 138 134 133 131 117 125 128 118 114 115 118 118 111 105 101 88 82 81 89 92 82 67 66 60 58 45 51 61 71 73 72 73 76 59 -9999 -9999 -9999 -9999 -9999 -9999 -9999 -9999 -9999
132 130 133 121 137 125 132 140 140 146 149 147 147 137 120 122 131 148 160 171 172 172 164 155 144 153 152 160 146 134 157 166 164 162 161 153 149 148 144 138 137 135 135 136 133 117 121 128 120 116 120 121 122 113 97 100 93 83 94 97 94 69 57 53 56 59 54 69 67 67 72 72 74 76 -9999 -9999 -9999 -9999 -9999 -9999 -9999 -9999 -9999 -9999
132 138 133 126 131 120 133 144 139 137 144 155 151 137 130 139 158 163 157 166 164 162 151 148 159 161 158 158 152 147 155 162 166 165 164 161 151 140 137 135 140 141 131 130 130 128 119 127 126 124 126 123 116 104 106 112 93 107 106 106 105 84 63 60 63 65 70 70 64 69 68 68 71 66 -9999 -9999 -9999 -9999 -9999 -9999 -9999 -9999 -9999 -9999
140 134 126 127 128 124 144 140 139 147 152 170 162 146 135 158 170 163 169 173 169 163 154 153 168 168 167 172 166 168 167 160 163 169 162 160 149 145 137 129 127 130 127 131 130 130 119 125 128 124 127 118 116 107 111 115 100 108 112 107 96 72 63 65 72 73 75 75 69 75 67 68 71 70 -9999 -9999 -9999 -9999 -9999 -9999 -9999 -9999 -9999 -9999
150 140 124 129 131 122 133 147 146 156 161 176 162 137 160 175 180 175 177 170 172 167 169 167 176 176 169 167 168 169 168 165 167 163 157 156 158 157 141 135 126 128 133 126 118 118 120 121 119 122 124 116 109 120 123 119 101 107 117 111 94 63 60 70 76 70 66 79 80 75 66 69 74 79 -9999 -9999 -9999 -9999 -9999 -9999 -9999 -9999 -9999 -9999
161 151 128 138 138 126 135 152 146 152 169 177 154 137 185 194 190 179 181 186 185 176 179 177 176 176 171 172 171 168 170 167 167 157 147 139 132 137 127 127 132 147 149 134 121 127 125 125 124 120 117 116 118 122 122 117 111 112 119 114 87 65 65 73 78 68 65 77 84 70 65 74 75 73 -9999 -9999 -9999 -9999 -9999 -9999 -9999 -9999 -9999 -9999
165 153 138 155 153 139 147 152 150 154 157 158 146 134 189 199 191 185 190 191 183 178 182 183 182 177 178 176 174 173 168 160 159 149 137 132 134 131 126 135 146 147 149 143 134 138 131 132 125 116 112 126 124 125 119 118 120 112 119 107 79 69 76 75 67 66 69 85 84 65 66 66 70 -9999 -9999 -9999 -9999 -9999 -9999 -9999 -9999 -9999 -9999 -9999
170 160 146 163 157 149 152 154 158 161 179 172 143 126 180 194 200 192 195 199 198 193 192 184 178 174 174 171 170 167 169 163 156 140 134 134 136 136 141 142 147 146 148 146 143 146 138 130 123 120 122 124 125 127 127 119 119 114 112 98 75 65 76 76 75 80 73 81 67 59 58 68 74 -9999 -9999 -9999 -9999 -9999 -9999 -9999 -9999 -9999 -9999 -9999
180 175 160 167 166 156 154 160 160 160 161 155 144 154 172 202 203 197 199 202 195 189 184 181 178 170 161 156 151 149 153 155 157 138 139 139 146 151 152 148 146 141 146 141 142 138 130 127 128 127 129 130 126 132 129 123 122 106 92 83 75 75 76 77 77 74 69 75 67 70 73 76 79 -9999 -9999 -9999 -9999 -9999 -9999 -9999 -9999 -9999 -9999 -9999
175 168 165 165 162 172 179 167 166 164 152 148 151 175 189 203 203 199 201 197 192 190 177 170 170 157 148 153 153 152 150 146 144 142 149 151 152 153 153 152 147 142 144 139 133 135 132 131 129 131 129 126 125 132 127 124 125 96 81 80 78 79 84 82 78 77 82 75 73 76 78 78 84 -9999 -9999 -9999 -9999 -9999 -9999 -9999 -9999 -9999 -9999 -9999
174 168 160 160 163 180 180 169 169 170 163 151 152 175 197 205 210 197 195 191 193 191 184 169 173 155 152 157 164 164 156 149 153 157 166 159 155 153 151 147 144 141 139 138 137 142 139 138 131 131 126 131 129 128 125 121 123 91 80 86 86 92 95 96 96 87 82 87 73 73 81 78 -9999 -9999 -9999 -9999 -9999 -9999 -9999 -9999 -9999 -9999 -9999 -9999
172 162 160 165 167 183 179 173 182 191 174 154 146 149 171 216 214 208 195 191 187 182 178 166 173 156 164 164 156 145 144 147 151 162 171 167 159 153 154 153 151 148 142 137 140 145 142 139 131 138 134 129 122 116 111 109 112 84 82 91 91 103 106 110 106 92 83 91 83 81 83 76 -9999 -9999 -9999 -9999 -9999 -9999 -9999 -9999 -9999 -9999 -9999 -9999
164 163 168 167 167 183 183 178 180 186 167 149 146 149 154 213 216 217 206 192 187 186 177 172 170 164 158 151 146 146 145 152 161 175 177 180 170 164 162 160 151 150 146 146 146 144 143 138 134 134 132 127 128 120 112 98 85 80 84 87 99 107 112 109 106 97 87 88 82 88 82 76 -9999 -9999 -9999 -9999 -9999 -9999 -9999 -9999 -9999 -9999 -9999 -9999
171 176 175 168 175 177 184 195 188 179 159 144 143 152 182 210 214 214 214 201 192 180 175 171 175 172 165 161 150 149 160 158 164 173 175 181 176 168 162 157 157 152 144 142 143 146 142 132 119 121 126 127 113 101 94 87 85 88 91 90 110 111 111 101 99 101 98 86 77 79 80 79 -9999 -9999 -9999 -9999 -9999 -9999 -9999 -9999 -9999 -9999 -9999 -9999
184 180 182 175 180 183 190 195 186 174 150 139 139 148 179 214 213 217 217 206 189 187 190 183 180 178 170 165 168 168 170 160 163 174 181 182 182 170 157 156 151 147 151 154 147 143 143 114 96 104 108 110 95 89 93 98 115 112 102 100 107 105 105 107 110 110 96 94 88 84 84 83 -9999 -9999 -9999 -9999 -9999 -9999 -9999 -9999 -9999 -9999 -9999 -9999
183 186 186 180 180 193 194 196 188 181 169 156 155 161 190 215 220 221 221 202 193 201 195 186 180 175 169 168 172 168 166 163 172 176 184 189 182 165 163 157 152 146 147 155 153 146 141 100 90 94 93 99 104 108 113 130 124 121 115 111 105 106 107 101 104 99 93 103 92 91 93 -9999 -9999 -9999 -9999 -9999 -9999 -9999 -9999 -9999 -9999 -9999 -9999 -9999
183 188 189 182 180 197 199 202 196 186 173 163 168 184 212 229 224 220 216 199 187 200 190 192 181 180 173 173 174 174 168 167 164 172 183 191 179 169 164 160 157 163 157 137 109 99 96 91 92 103 108 122 116 121 128 129 127 126 114 109 108 110 105 108 108 100 95 99 95 94 93 -9999 -9999 -9999 -9999 -9999 -9999 -9999 -9999 -9999 -9999 -9999 -9999 -9999
188 187 188 190 192 201 210 209 200 201 181 170 181 210 234 230 223 223 216 213 203 209 201 198 189 189 175 174 174 188 184 176 199 191 191 195 189 185 178 169 172 160 143 118 100 99 99 108 110 123 116 116 113 127 141 134 132 126 115 115 118 112 105 99 95 91 92 94 91 88 85 -9999 -9999 -9999 -9999 -9999 -9999 -9999 -9999 -9999 -9999 -9999 -9999 -9999
195 188 190 205 205 204 212 214 215 208 185 171 181 192 204 229 224 226 226 220 210 217 215 198 189 183 174 176 177 185 197 201 203 196 197 197 196 186 174 163 150 127 111 108 103 117 127 123 116 124 125 123 123 136 141 142 139 127 117 124 128 123 112 97 89 88 92 88 90 94 91 -9999 -9999 -9999 -9999 -9999 -9999 -9999 -9999 -9999 -9999 -9999 -9999 -9999
