slides/data/elev100m_cl.txt
ncols         169
nrows         382
xllcorner     813515.0021541
yllcorner     1119250.21741
cellsize      100
NODATA_value  -9999
[rows 259 to 295 of 382, columns 0 to 83 of 169]
-9999 -9999 -9999 -9999 -9999 -9999 -9999 -9999 -9999 -9999 -9999 -9999 -9999 -9999 -9999 -9999 -9999 -9999 -9999 -9999 -9999 -9999 -9999 -9999 1616 1603 1600 1611 1613 1609 1598 1596 1609 1613 1613 1603 1576 1571 1571 1572 1586 1622 1654 1645 1635 1634 1619 1635 1631 1630 1621 1616 1607 1597 1595 1592 1541 1551 1560 1555 1560 1559 1550 1530 1528 1521 1502 1494 1490 1489 1484 1488 1474 1469 1454 1457 1453 1440 1430 1409 1413 1387 1348 1302
-9999 -9999 -9999 -9999 -9999 -9999 -9999 -9999 -9999 -9999 -9999 -9999 -9999 -9999 -9999 -9999 -9999 -9999 -9999 -9999 -9999 -9999 -9999 -9999 1622 1612 1616 1621 1618 1610 1606 1602 1612 1619 1623 1607 1582 1577 1584 1582 1603 1638 1665 1662 1651 1646 1637 1644 1644 1641 1635 1630 1617 1606 1597 1590 1560 1577 1570 1566 1565 1557 1546 1535 1525 1514 1509 1504 1502 1498 1497 1491 1482 1478 1461 1463 1458 1441 1423 1400 1358 1316 1272 1230
-9999 -9999 -9999 -9999 -9999 -9999 -9999 -9999 -9999 -9999 -9999 -9999 -9999 -9999 -9999 -9999 -9999 -9999 -9999 -9999 -9999 -9999 -9999 -9999 1625 1618 1620 1621 1617 1620 1621 1617 1625 1639 1648 1647 1639 1612 1590 1583 1611 1652 1670 1666 1660 1654 1641 1647 1654 1652 1643 1629 1614 1602 1589 1578 1574 1587 1580 1573 1565 1559 1552 1536 1530 1524 1521 1515 1506 1508 1505 1494 1492 1477 1471 1466 1446 1402 1397 1336 1292 1244 1202 1162
-9999 -9999 -9999 -9999 -9999 -9999 -9999 -9999 -9999 -9999 -9999 -9999 -9999 -9999 -9999 -9999 -9999 -9999 -9999 -9999 -9999 -9999 -9999 -9999 1622 1625 1621 1630 1634 1628 1626 1623 1636 1655 1664 1661 1658 1624 1600 1591 1605 1646 1672 1672 1667 1665 1651 1653 1658 1656 1644 1630 1614 1606 1598 1586 1577 1592 1592 1583 1580 1571 1562 1549 1539 1530 1531 1523 1517 1514 1497 1487 1482 1473 1469 1425 1376 1320 1313 1266 1226 1185 1146 1112
-9999 -9999 -9999 -9999 -9999 -9999 -9999 -9999 -9999 -9999 -9999 -9999 -9999 -9999 -9999 -9999 -9999 -9999 -9999 -9999 -9999 -9999 -9999 -9999 1633 1635 1626 1632 1644 1638 1631 1629 1644 1664 1675 1678 1672 1628 1616 1611 1622 1654 1684 1683 1679 1676 1659 1667 1670 1666 1658 1642 1634 1626 1612 1601 1589 1597 1601 1597 1596 1578 1565 1552 1546 1545 1547 1528 1519 1505 1499 1494 1489 1481 1422 1337 1268 1250 1252 1207 1169 1134 1107 1083
-9999 -9999 -9999 -9999 -9999 -9999 -9999 -9999 -9999 -9999 -9999 -9999 -9999 -9999 -9999 -9999 -9999 -9999 -9999 -9999 -9999 -9999 -9999 1618 1630 1644 1642 1641 1642 1646 1636 1639 1644 1659 1679 1686 1682 1653 1656 1658 1664 1681 1694 1695 1687 1676 1670 1684 1690 1681 1669 1663 1659 1644 1623 1615 1598 1609 1613 1610 1596 1584 1576 1564 1565 1565 1559 1534 1518 1511 1518 1513 1506 1471 1363 1329 1315 1260 1186 1170 1168 1133 1109 1110
-9999 -9999 -9999 -9999 -9999 -9999 -9999 -9999 -9999 -9999 -9999 -9999 -9999 -9999 -9999 -9999 -9999 -9999 -9999 -9999 -9999 -9999 -9999 1621 1629 1649 1649 1648 1642 1649 1649 1660 1653 1658 1675 1690 1695 1674 1668 1683 1695 1703 1702 1701 1691 1684 1689 1695 1705 1695 1685 1683 1672 1654 1638 1638 1618 1617 1622 1614 1605 1598 1589 1586 1583 1580 1569 1542 1525 1524 1527 1522 1507 1471 1459 1431 1402 1325 1217 1239 1224 1159 1133 1169
-9999 -9999 -9999 -9999 -9999 -9999 -9999 -9999 -9999 -9999 -9999 -9999 -9999 -9999 -9999 -9999 -9999 -9999 -9999 -9999 -9999 -9999 -9999 1630 1638 1653 1657 1655 1645 1652 1663 1672 1673 1666 1668 1688 1687 1679 1683 1686 1696 1703 1709 1708 1700 1696 1696 1702 1708 1703 1698 1690 1676 1661 1646 1635 1618 1627 1624 1621 1615 1606 1602 1599 1601 1591 1576 1545 1535 1533 1524 1518 1510 1510 1506 1498 1462 1384 1323 1289 1219 1160 1170 1206
-9999 -9999 -9999 -9999 -9999 -9999 -9999 -9999 -9999 -9999 -9999 -9999 -9999 -9999 -9999 -9999 -9999 -9999 -9999 -9999 -9999 -9999 -9999 1640 1645 1663 1664 1658 1650 1660 1677 1694 1695 1685 1681 1697 1690 1686 1694 1693 1702 1707 1711 1717 1708 1702 1704 1711 1716 1715 1711 1694 1683 1667 1651 1637 1628 1639 1636 1635 1623 1612 1610 1611 1611 1597 1582 1556 1549 1536 1534 1535 1533 1532 1515 1511 1489 1464 1354 1268 1192 1189 1227 1215
-9999 -9999 -9999 -9999 -9999 -9999 -9999 -9999 -9999 -9999 -9999 -9999 -9999 -9999 -9999 -9999 -9999 -9999 -9999 -9999 -9999 -9999 1625 1643 1654 1667 1672 1664 1659 1671 1692 1715 1714 1712 1696 1696 1702 1693 1699 1702 1708 1711 1712 1721 1714 1710 1710 1715 1729 1727 1713 1702 1691 1672 1661 1646 1638 1650 1642 1637 1631 1630 1623 1623 1613 1596 1585 1568 1556 1556 1557 1551 1548 1535 1525 1524 1529 1510 1333 1233 1201 1229 1248 1205
-9999 -9999 -9999 -9999 -9999 -9999 -9999 -9999 -9999 -9999 -9999 -9999 -9999 -9999 -9999 -9999 -9999 -9999 -9999 -9999 -9999 -9999 1636 1642 1662 1677 1684 1676 1669 1678 1696 1715 1724 1726 1712 1706 1708 1699 1703 1713 1715 1720 1721 1725 1718 1721 1714 1719 1734 1732 1717 1704 1689 1678 1669 1656 1647 1657 1650 1649 1649 1647 1643 1641 1623 1614 1606 1597 1584 1583 1576 1563 1549 1536 1535 1542 1532 1517 1337 1250 1243 1284 1279 1217
-9999 -9999 -9999 -9999 -9999 -9999 -9999 -9999 -9999 -9999 -9999 -9999 -9999 -9999 -9999 -9999 -9999 -9999 -9999 -9999 -9999 -9999 1654 1649 1666 1685 1690 1688 1683 1680 1689 1704 1720 1731 1729 1722 1718 1708 1709 1724 1731 1729 1731 1730 1724 1725 1721 1730 1741 1734 1720 1705 1695 1683 1680 1665 1662 1672 1676 1681 1676 1674 1659 1644 1630 1621 1613 1599 1598 1595 1578 1565 1541 1542 1547 1543 1528 1510 1318 1258 1289 1323 1314 1254
-9999 -9999 -9999 -9999 -9999 -9999 -9999 -9999 -9999 -9999 -9999 -9999 -9999 -9999 -9999 -9999 -9999 -9999 -9999 -9999 -9999 -9999 1667 1657 1661 1676 1684 1700 1705 1699 1699 1705 1716 1728 1736 1735 1725 1715 1711 1724 1739 1740 1742 1742 1732 1731 1737 1745 1741 1734 1727 1717 1708 1693 1679 1675 1671 1687 1688 1692 1696 1688 1673 1654 1642 1631 1614 1605 1603 1593 1582 1565 1549 1560 1552 1542 1533 1520 1320 1283 1334 1359 1311 1283
-9999 -9999 -9999 -9999 -9999 -9999 -9999 -9999 -9999 -9999 -9999 -9999 -9999 -9999 -9999 -9999 -9999 -9999 -9999 -9999 -9999 1669 1679 1668 1658 1671 1681 1695 1709 1713 1710 1718 1718 1728 1741 1745 1740 1731 1726 1739 1746 1759 1764 1754 1753 1751 1748 1752 1739 1734 1727 1720 1706 1697 1692 1690 1680 1689 1695 1698 1709 1698 1681 1664 1655 1638 1624 1616 1604 1600 1592 1569 1564 1571 1562 1552 1543 1531 1351 1318 1371 1400 1364 1277
-9999 -9999 -9999 -9999 -9999 -9999 -9999 -9999 -9999 -9999 -9999 -9999 -9999 -9999 -9999 -9999 -9999 -9999 -9999 -9999 -9999 1679 1681 1687 1678 1675 1681 1697 1710 1728 1737 1743 1737 1735 1745 1764 1760 1741 1734 1741 1754 1762 1767 1769 1766 1761 1761 1756 1741 1739 1735 1721 1709 1709 1707 1695 1687 1692 1701 1704 1699 1692 1679 1669 1657 1644 1635 1625 1611 1605 1590 1573 1581 1580 1571 1557 1550 1535 1464 1380 1405 1443 1397 1305
-9999 -9999 -9999 -9999 -9999 -9999 -9999 -9999 -9999 -9999 -9999 -9999 -9999 -9999 -9999 -9999 -9999 -9999 -9999 -9999 -9999 1675 1684 1699 1699 1705 1696 1691 1713 1731 1736 1741 1751 1752 1745 1762 1774 1749 1748 1749 1751 1765 1774 1779 1780 1777 1772 1761 1747 1746 1732 1727 1724 1723 1717 1708 1706 1707 1710 1703 1688 1680 1670 1663 1653 1644 1636 1625 1606 1602 1587 1591 1596 1580 1556 1543 1527 1510 1493 1416 1419 1441 1393 1337
-9999 -9999 -9999 -9999 -9999 -9999 -9999 -9999 -9999 -9999 -9999 -9999 -9999 -9999 -9999 -9999 -9999 -9999 -9999 -9999 -9999 1686 1688 1708 1710 1713 1706 1693 1707 1717 1723 1735 1759 1772 1764 1763 1780 1753 1753 1764 1761 1764 1777 1787 1791 1780 1781 1759 1761 1750 1741 1745 1738 1737 1734 1730 1740 1739 1722 1707 1692 1685 1675 1655 1647 1639 1631 1622 1618 1615 1606 1600 1575 1536 1495 1464 1438 1434 1430 1378 1374 1403 1387 1333
-9999 -9999 -9999 -9999 -9999 -9999 -9999 -9999 -9999 -9999 -9999 -9999 -9999 -9999 -9999 -9999 -9999 -9999 -9999 -9999 1692 1692 1696 1707 1715 1717 1710 1698 1704 1720 1736 1742 1751 1775 1792 1785 1784 1764 1767 1776 1780 1776 1778 1792 1802 1794 1790 1770 1771 1759 1755 1760 1756 1757 1757 1762 1769 1767 1733 1716 1701 1694 1675 1661 1659 1651 1639 1632 1627 1627 1577 1523 1499 1444 1393 1338 1336 1328 1348 1329 1325 1329 1341 1267
-9999 -9999 -9999 -9999 -9999 -9999 -9999 -9999 -9999 -9999 -9999 -9999 -9999 -9999 -9999 -9999 -9999 -9999 -9999 -9999 1699 1700 1708 1720 1723 1725 1707 1712 1714 1725 1744 1759 1760 1770 1799 1802 1787 1776 1784 1783 1792 1793 1785 1793 1807 1801 1797 1780 1783 1770 1762 1771 1770 1772 1778 1781 1784 1777 1746 1732 1714 1695 1682 1676 1666 1656 1649 1649 1640 1616 1532 1444 1375 1326 1281 1267 1266 1251 1237 1280 1256 1248 1255 1228
-9999 -9999 -9999 -9999 -9999 -9999 -9999 -9999 -9999 -9999 -9999 -9999 -9999 -9999 -9999 -9999 -9999 -9999 -9999 -9999 1700 1706 1716 1724 1726 1728 1712 1717 1724 1735 1750 1768 1773 1779 1802 1809 1795 1786 1796 1796 1799 1803 1795 1801 1811 1811 1808 1791 1794 1781 1774 1784 1788 1786 1783 1785 1780 1779 1751 1736 1715 1698 1682 1672 1660 1656 1657 1656 1595 1496 1443 1360 1320 1271 1256 1268 1256 1234 1215 1222 1203 1186 1188 1187
-9999 -9999 -9999 -9999 -9999 -9999 -9999 -9999 -9999 -9999 -9999 -9999 -9999 -9999 -9999 -9999 -9999 -9999 -9999 -9999 1706 1711 1720 1729 1732 1735 1718 1729 1735 1741 1762 1774 1781 1792 1805 1816 1807 1797 1807 1807 1809 1815 1804 1803 1817 1822 1813 1802 1797 1790 1791 1799 1806 1801 1786 1758 1738 1752 1722 1706 1691 1668 1633 1621 1615 1586 1595 1609 1571 1437 1334 1308 1318 1300 1302 1322 1316 1279 1228 1204 1277 1268 1248 1227
-9999 -9999 -9999 -9999 -9999 -9999 -9999 -9999 -9999 -9999 -9999 -9999 -9999 -9999 -9999 -9999 -9999 -9999 -9999 -9999 1725 1715 1725 1729 1736 1743 1736 1737 1748 1755 1765 1781 1796 1802 1812 1821 1817 1814 1821 1819 1820 1823 1821 1819 1828 1834 1825 1814 1807 1807 1812 1811 1817 1805 1767 1723 1675 1703 1649 1624 1613 1614 1555 1542 1511 1482 1514 1546 1506 1404 1307 1335 1361 1371 1375 1375 1373 1368 1357 1324 1296 1267 1243 1227
-9999 -9999 -9999 -9999 -9999 -9999 -9999 -9999 -9999 -9999 -9999 -9999 -9999 -9999 -9999 -9999 -9999 -9999 -9999 1718 1728 1729 1734 1739 1744 1752 1756 1750 1762 1771 1777 1788 1802 1812 1824 1833 1834 1829 1831 1834 1832 1834 1831 1834 1842 1844 1836 1831 1822 1819 1827 1830 1828 1808 1745 1700 1668 1647 1567 1539 1538 1529 1449 1419 1397 1395 1397 1396 1365 1319 1339 1372 1371 1377 1380 1380 1374 1374 1368 1343 1318 1286 1262 1237
-9999 -9999 -9999 -9999 -9999 -9999 -9999 -9999 -9999 -9999 -9999 -9999 -9999 -9999 -9999 -9999 -9999 -9999 -9999 1717 1727 1734 1740 1744 1752 1759 1775 1770 1769 1783 1788 1792 1808 1822 1832 1839 1847 1845 1847 1846 1844 1840 1842 1849 1857 1857 1848 1841 1830 1833 1840 1844 1836 1821 1767 1707 1637 1562 1498 1482 1461 1443 1423 1394 1367 1358 1360 1348 1333 1373 1396 1399 1383 1382 1388 1383 1384 1381 1372 1364 1334 1303 1274 1250
-9999 -9999 -9999 -9999 -9999 -9999 -9999 -9999 -9999 -9999 -9999 -9999 -9999 -9999 -9999 -9999 -9999 -9999 -9999 1722 1731 1729 1739 1750 1763 1773 1786 1794 1786 1786 1791 1800 1809 1814 1823 1832 1846 1858 1860 1863 1863 1850 1852 1860 1868 1865 1857 1850 1841 1849 1854 1853 1836 1787 1727 1682 1642 1608 1524 1487 1462 1451 1428 1395 1375 1373 1369 1382 1407 1431 1420 1403 1389 1390 1392 1386 1386 1376 1370 1368 1336 1312 1283 1265
-9999 -9999 -9999 -9999 -9999 -9999 -9999 -9999 -9999 -9999 -9999 -9999 -9999 -9999 -9999 -9999 -9999 -9999 -9999 1727 1730 1719 1734 1750 1765 1774 1794 1808 1800 1804 1807 1806 1806 1814 1824 1834 1845 1859 1865 1868 1874 1880 1875 1877 1873 1861 1854 1846 1852 1854 1846 1836 1802 1753 1700 1615 1613 1623 1575 1534 1520 1504 1474 1426 1398 1419 1428 1430 1437 1429 1412 1404 1406 1405 1399 1387 1382 1378 1374 1371 1337 1317 1296 1289
-9999 -9999 -9999 -9999 -9999 -9999 -9999 -9999 -9999 -9999 -9999 -9999 -9999 -9999 -9999 -9999 -9999 -9999 1727 1733 1733 1734 1742 1749 1763 1774 1787 1811 1799 1806 1816 1818 1825 1835 1838 1830 1834 1851 1859 1863 1872 1881 1875 1871 1869 1856 1851 1855 1851 1844 1828 1790 1740 1691 1649 1581 1564 1563 1570 1529 1511 1468 1439 1431 1425 1443 1448 1450 1451 1432 1420 1424 1429 1430 1414 1402 1391 1384 1378 1376 1342 1326 1300 1316
-9999 -9999 -9999 -9999 -9999 -9999 -9999 -9999 -9999 -9999 -9999 -9999 -9999 -9999 -9999 -9999 -9999 -9999 1733 1750 1754 1760 1762 1762 1764 1769 1779 1792 1797 1805 1816 1827 1828 1837 1846 1836 1839 1853 1853 1863 1872 1879 1873 1864 1859 1856 1861 1861 1847 1836 1795 1713 1657 1625 1594 1555 1534 1524 1520 1472 1439 1430 1432 1430 1456 1480 1479 1484 1478 1456 1446 1445 1452 1448 1430 1422 1408 1395 1386 1381 1354 1328 1314 1361
-9999 -9999 -9999 -9999 -9999 -9999 -9999 -9999 -9999 -9999 -9999 -9999 -9999 -9999 -9999 -9999 -9999 -9999 1748 1753 1758 1763 1767 1766 1767 1776 1781 1796 1799 1807 1817 1827 1833 1841 1848 1844 1840 1854 1861 1868 1876 1876 1870 1866 1863 1865 1866 1861 1855 1834 1777 1651 1592 1567 1549 1532 1520 1503 1489 1448 1437 1445 1445 1453 1474 1487 1490 1492 1494 1486 1469 1460 1458 1454 1442 1434 1425 1408 1395 1400 1375 1358 1369 1418
-9999 -9999 -9999 -9999 -9999 -9999 -9999 -9999 -9999 -9999 -9999 -9999 -9999 -9999 -9999 -9999 -9999 -9999 1753 1754 1765 1774 1771 1770 1772 1777 1788 1805 1812 1817 1824 1832 1832 1842 1848 1849 1840 1848 1863 1871 1876 1867 1857 1856 1861 1865 1865 1866 1845 1827 1792 1671 1590 1562 1545 1530 1515 1495 1480 1452 1452 1460 1462 1469 1485 1497 1503 1501 1498 1497 1488 1470 1460 1458 1452 1442 1437 1423 1421 1431 1407 1409 1436 1469
-9999 -9999 -9999 -9999 -9999 -9999 -9999 -9999 -9999 -9999 -9999 -9999 -9999 -9999 -9999 -9999 -9999 1759 1765 1763 1771 1779 1777 1780 1780 1782 1790 1817 1825 1829 1833 1840 1843 1847 1847 1849 1842 1850 1867 1869 1871 1863 1849 1846 1848 1854 1859 1857 1839 1825 1782 1653 1598 1581 1567 1553 1540 1522 1510 1467 1481 1491 1483 1488 1503 1513 1514 1512 1504 1504 1494 1477 1467 1464 1458 1452 1444 1441 1449 1448 1430 1442 1469 1510
-9999 -9999 -9999 -9999 -9999 -9999 -9999 -9999 -9999 -9999 -9999 -9999 -9999 -9999 -9999 -9999 -9999 1763 1772 1777 1779 1786 1783 1792 1796 1798 1799 1819 1828 1837 1840 1844 1847 1849 1850 1850 1845 1852 1874 1869 1866 1862 1848 1844 1837 1839 1842 1830 1811 1778 1747 1700 1664 1647 1635 1625 1601 1575 1540 1480 1507 1511 1500 1495 1512 1525 1525 1526 1512 1510 1498 1488 1480 1476 1472 1469 1463 1459 1456 1450 1441 1464 1493 1535
-9999 -9999 -9999 -9999 -9999 -9999 -9999 -9999 -9999 -9999 -9999 -9999 -9999 -9999 -9999 -9999 -9999 1769 1778 1789 1797 1796 1794 1791 1799 1810 1809 1825 1833 1843 1851 1850 1851 1851 1857 1853 1847 1860 1878 1869 1863 1862 1858 1846 1827 1816 1782 1749 1722 1697 1678 1659 1646 1638 1624 1608 1585 1551 1506 1518 1533 1538 1545 1539 1545 1538 1531 1530 1523 1518 1510 1501 1493 1488 1483 1480 1473 1467 1453 1438 1428 1459 1496 1536
-9999 -9999 -9999 -9999 -9999 -9999 -9999 -9999 -9999 -9999 -9999 -9999 -9999 -9999 -9999 -9999 -9999 1769 1779 1788 1799 1803 1806 1806 1806 1816 1825 1835 1847 1853 1856 1855 1850 1850 1861 1855 1852 1867 1878 1868 1857 1852 1847 1819 1782 1757 1711 1686 1664 1630 1613 1603 1589 1573 1553 1541 1530 1500 1518 1540 1558 1566 1579 1578 1574 1559 1550 1545 1530 1528 1523 1529 1507 1496 1491 1485 1484 1482 1464 1450 1439 1438 1472 1522
-9999 -9999 -9999 -9999 -9999 -9999 -9999 -9999 -9999 -9999 -9999 -9999 -9999 -9999 -9999 -9999 1762 1767 1772 1788 1800 1809 1815 1818 1821 1822 1835 1847 1861 1867 1869 1861 1853 1860 1871 1864 1857 1861 1878 1867 1860 1848 1826 1772 1729 1705 1666 1644 1633 1597 1582 1571 1553 1531 1514 1523 1533 1532 1544 1550 1564 1576 1587 1592 1586 1568 1557 1557 1560 1562 1531 1525 1506 1498 1497 1490 1487 1475 1466 1454 1440 1441 1465 1508
-9999 -9999 -9999 -9999 -9999 -9999 -9999 -9999 -9999 -9999 -9999 -9999 -9999 -9999 -9999 -9999 1776 1778 1775 1787 1800 1815 1823 1824 1830 1835 1842 1859 1870 1875 1872 1864 1862 1867 1877 1871 1868 1868 1883 1872 1858 1829 1777 1733 1690 1668 1647 1633 1610 1577 1557 1546 1534 1529 1522 1520 1534 1545 1559 1567 1586 1585 1586 1585 1575 1568 1569 1569 1563 1566 1522 1504 1503 1503 1501 1496 1491 1461 1451 1443 1448 1449 1461 1500
-9999 -9999 -9999 -9999 -9999 -9999 -9999 -9999 -9999 -9999 -9999 -9999 -9999 -9999 -9999 -9999 1786 1795 1791 1790 1800 1811 1821 1831 1838 1844 1853 1864 1873 1884 1880 1876 1871 1876 1884 1879 1879 1875 1883 1864 1830 1782 1733 1705 1678 1679 1664 1644 1619 1577 1561 1552 1544 1540 1533 1543 1555 1555 1568 1576 1595 1590 1590 1581 1574 1576 1581 1568 1558 1556 1515 1496 1503 1503 1504 1508 1493 1455 1444 1443 1463 1466 1490 1524
