slides/data/elev100m_cl.txt
ncols         169
nrows         382
xllcorner     813515.0021541
yllcorner     1119250.21741
cellsize      100
NODATA_value  -9999
[rows 296 to 332 of 382, columns 0 to 83 of 169]
-9999 -9999 -9999 -9999 -9999 -9999 -9999 -9999 -9999 -9999 -9999 -9999 -9999 -9999 -9999 -9999 1785 1803 1805 1800 1809 1817 1820 1832 1844 1851 1860 1868 1876 1884 1888 1885 1880 1891 1895 1891 1894 1891 1871 1782 1755 1735 1723 1713 1705 1699 1686 1663 1634 1583 1569 1564 1556 1551 1547 1563 1577 1570 1574 1585 1602 1599 1595 1591 1586 1587 1589 1565 1545 1539 1525 1519 1519 1512 1510 1517 1503 1489 1475 1457 1473 1489 1518 1536
-9999 -9999 -9999 -9999 -9999 -9999 -9999 -9999 -9999 -9999 -9999 -9999 -9999 -9999 -9999 1785 1781 1808 1811 1810 1818 1831 1835 1837 1842 1858 1870 1886 1898 1899 1898 1902 1899 1907 1916 1914 1907 1891 1850 1789 1766 1752 1743 1742 1742 1738 1707 1678 1641 1600 1596 1607 1593 1567 1563 1566 1583 1582 1586 1597 1607 1602 1598 1597 1596 1600 1596 1570 1536 1530 1527 1530 1529 1526 1521 1523 1514 1505 1491 1469 1481 1514 1534 1539
-9999 -9999 -9999 -9999 -9999 -9999 -9999 -9999 -9999 -9999 -9999 -9999 -9999 -9999 -9999 1791 1794 1813 1814 1820 1827 1838 1850 1861 1871 1877 1882 1892 1910 1912 1908 1908 1908 1912 1922 1926 1921 1899 1862 1806 1786 1782 1775 1777 1783 1780 1731 1690 1647 1625 1631 1644 1632 1606 1606 1579 1589 1600 1612 1616 1615 1610 1608 1604 1603 1604 1593 1561 1537 1527 1531 1538 1535 1533 1525 1526 1524 1515 1496 1475 1487 1518 1538 1544
-9999 -9999 -9999 -9999 -9999 -9999 -9999 -9999 -9999 -9999 -9999 -9999 -9999 -9999 -9999 1811 1814 1817 1822 1820 1828 1833 1845 1860 1874 1881 1888 1897 1916 1920 1918 1913 1917 1919 1926 1937 1939 1925 1909 1846 1834 1830 1813 1810 1818 1824 1783 1720 1686 1660 1670 1693 1681 1645 1613 1582 1594 1607 1616 1626 1626 1620 1624 1620 1615 1609 1585 1564 1551 1543 1545 1542 1538 1533 1527 1527 1524 1521 1502 1474 1485 1515 1527 1539
-9999 -9999 -9999 -9999 -9999 -9999 -9999 -9999 -9999 -9999 -9999 -9999 -9999 -9999 -9999 1815 1821 1823 1835 1832 1831 1835 1849 1864 1876 1885 1892 1904 1922 1931 1931 1929 1926 1933 1937 1944 1948 1939 1932 1906 1905 1881 1853 1844 1848 1857 1838 1770 1754 1750 1750 1743 1707 1652 1612 1589 1597 1618 1622 1635 1637 1635 1633 1630 1630 1610 1586 1570 1559 1554 1550 1547 1540 1535 1534 1529 1523 1517 1497 1474 1485 1508 1517 1530
-9999 -9999 -9999 -9999 -9999 -9999 -9999 -9999 -9999 -9999 -9999 -9999 -9999 -9999 -9999 1812 1814 1818 1842 1846 1849 1846 1854 1860 1871 1884 1895 1907 1928 1936 1946 1946 1941 1949 1953 1953 1953 1949 1946 1942 1940 1921 1896 1879 1878 1885 1883 1841 1846 1851 1801 1747 1691 1652 1624 1607 1608 1625 1626 1634 1648 1655 1644 1643 1651 1625 1597 1581 1567 1559 1559 1550 1546 1535 1536 1533 1521 1510 1489 1473 1483 1499 1520 1527
-9999 -9999 -9999 -9999 -9999 -9999 -9999 -9999 -9999 -9999 -9999 -9999 -9999 -9999 1810 1815 1817 1824 1843 1854 1861 1859 1865 1871 1883 1894 1901 1911 1919 1936 1948 1956 1960 1963 1967 1965 1967 1966 1960 1960 1959 1946 1933 1912 1904 1900 1914 1921 1921 1915 1809 1733 1684 1663 1644 1618 1613 1623 1630 1637 1655 1660 1653 1654 1663 1635 1607 1595 1579 1570 1568 1565 1553 1527 1527 1533 1518 1508 1493 1479 1491 1508 1519 1530
-9999 -9999 -9999 -9999 -9999 -9999 -9999 -9999 -9999 -9999 -9999 -9999 -9999 -9999 1806 1819 1827 1834 1852 1858 1864 1867 1872 1880 1892 1905 1912 1920 1926 1938 1951 1959 1966 1973 1977 1974 1976 1979 1973 1980 1980 1973 1960 1942 1928 1916 1928 1940 1945 1928 1801 1733 1691 1671 1652 1626 1623 1631 1637 1639 1659 1665 1661 1663 1672 1650 1623 1603 1587 1582 1580 1565 1555 1537 1533 1529 1520 1500 1495 1508 1520 1524 1535 1543
-9999 -9999 -9999 -9999 -9999 -9999 -9999 -9999 -9999 -9999 -9999 -9999 -9999 -9999 1816 1817 1830 1839 1860 1861 1866 1872 1880 1886 1898 1912 1923 1931 1935 1946 1952 1963 1968 1977 1985 1985 1989 1988 1985 1996 1997 1992 1984 1972 1955 1942 1950 1953 1944 1908 1774 1736 1709 1690 1665 1636 1640 1647 1653 1647 1655 1675 1669 1669 1679 1661 1631 1611 1595 1579 1585 1568 1555 1545 1532 1523 1514 1511 1500 1506 1512 1519 1534 1541
-9999 -9999 -9999 -9999 -9999 -9999 -9999 -9999 -9999 -9999 -9999 -9999 -9999 -9999 1824 1828 1831 1836 1853 1859 1866 1879 1886 1894 1902 1915 1928 1934 1946 1950 1964 1977 1979 1986 1996 2000 2008 2008 2006 2010 2013 2009 2002 1997 1989 1965 1962 1939 1906 1875 1783 1745 1728 1707 1671 1654 1658 1664 1671 1666 1668 1697 1686 1689 1681 1656 1631 1619 1607 1600 1591 1559 1551 1542 1529 1525 1525 1525 1517 1512 1515 1518 1530 1532
-9999 -9999 -9999 -9999 -9999 -9999 -9999 -9999 -9999 -9999 -9999 -9999 -9999 1824 1830 1833 1835 1835 1849 1854 1864 1886 1890 1895 1906 1916 1929 1940 1955 1962 1971 1989 1995 2005 2012 2018 2024 2023 2023 2022 2025 2019 2017 2013 1999 1980 1961 1925 1880 1857 1787 1758 1731 1693 1696 1708 1712 1718 1715 1713 1715 1711 1700 1700 1690 1670 1641 1621 1607 1597 1587 1577 1571 1558 1541 1534 1535 1543 1540 1531 1531 1530 1536 1539
-9999 -9999 -9999 -9999 -9999 -9999 -9999 -9999 -9999 -9999 -9999 -9999 -9999 1823 1831 1834 1845 1847 1859 1865 1874 1887 1895 1904 1910 1923 1945 1956 1964 1977 1985 2001 2015 2019 2022 2033 2037 2039 2033 2040 2042 2033 2030 2022 2017 1988 1957 1929 1896 1857 1795 1762 1729 1717 1740 1739 1735 1742 1742 1735 1735 1726 1715 1709 1702 1702 1692 1658 1640 1628 1603 1597 1588 1580 1566 1548 1552 1563 1569 1566 1558 1544 1541 1546
-9999 -9999 -9999 -9999 -9999 -9999 -9999 -9999 -9999 -9999 -9999 -9999 -9999 1818 1831 1841 1849 1859 1866 1877 1891 1901 1907 1917 1924 1939 1958 1972 1985 1995 2002 2015 2027 2034 2037 2063 2074 2078 2077 2078 2067 2061 2055 2048 2024 1996 1959 1928 1888 1856 1801 1778 1749 1750 1774 1776 1772 1777 1769 1755 1748 1734 1726 1716 1714 1740 1740 1687 1655 1646 1629 1617 1601 1580 1574 1570 1578 1578 1578 1578 1576 1575 1559 1555
-9999 -9999 -9999 -9999 -9999 -9999 -9999 -9999 -9999 -9999 -9999 -9999 -9999 1827 1832 1844 1849 1864 1870 1889 1901 1909 1916 1924 1939 1957 1991 2002 2016 2025 2021 2032 2058 2075 2083 2089 2092 2103 2103 2104 2091 2081 2073 2060 2036 2008 1978 1946 1906 1873 1824 1815 1793 1777 1797 1798 1794 1792 1783 1769 1764 1742 1731 1722 1732 1763 1739 1689 1673 1668 1642 1629 1610 1585 1584 1583 1586 1586 1588 1586 1595 1608 1589 1585
-9999 -9999 -9999 -9999 -9999 -9999 -9999 -9999 -9999 -9999 -9999 -9999 1824 1828 1837 1848 1860 1866 1882 1904 1914 1922 1933 1941 1957 1978 1998 2010 2021 2033 2037 2048 2068 2093 2106 2119 2125 2136 2141 2138 2113 2104 2092 2069 2050 2025 1992 1956 1915 1883 1859 1842 1825 1784 1804 1821 1811 1805 1793 1780 1769 1744 1740 1751 1773 1779 1733 1688 1682 1662 1650 1658 1632 1611 1597 1590 1596 1598 1609 1615 1621 1631 1603 1608
-9999 -9999 -9999 -9999 -9999 -9999 -9999 -9999 -9999 -9999 -9999 -9999 1816 1822 1834 1843 1852 1869 1884 1903 1915 1931 1936 1952 1967 1984 2004 2018 2028 2041 2051 2064 2080 2103 2123 2152 2168 2174 2181 2174 2144 2128 2101 2088 2066 2039 1999 1960 1929 1900 1876 1860 1833 1824 1840 1837 1823 1813 1800 1782 1765 1751 1760 1790 1810 1779 1725 1698 1690 1671 1671 1674 1636 1619 1610 1611 1620 1623 1635 1645 1646 1647 1628 1634
-9999 -9999 -9999 -9999 -9999 -9999 -9999 -9999 -9999 -9999 -9999 -9999 1827 1825 1842 1855 1855 1864 1878 1902 1913 1927 1938 1959 1976 1992 2008 2022 2035 2048 2076 2086 2097 2130 2139 2170 2208 2225 2221 2205 2171 2146 2124 2109 2091 2056 2014 1975 1944 1922 1902 1886 1844 1851 1858 1851 1834 1821 1807 1791 1772 1777 1801 1834 1815 1768 1733 1726 1705 1686 1694 1697 1642 1627 1631 1638 1646 1651 1656 1655 1656 1657 1650 1661
-9999 -9999 -9999 -9999 -9999 -9999 -9999 -9999 -9999 -9999 -9999 -9999 1833 1849 1853 1875 1883 1889 1895 1910 1917 1926 1938 1962 1981 1997 2009 2026 2049 2065 2100 2117 2128 2156 2168 2186 2238 2281 2274 2239 2192 2166 2146 2130 2113 2077 2038 2004 1977 1957 1934 1886 1860 1869 1874 1867 1849 1830 1811 1797 1779 1788 1836 1832 1799 1772 1766 1748 1723 1714 1720 1719 1666 1653 1659 1657 1662 1667 1666 1659 1655 1658 1665 1669
-9999 -9999 -9999 -9999 -9999 -9999 -9999 -9999 -9999 -9999 -9999 1822 1826 1856 1867 1876 1899 1909 1912 1930 1944 1956 1962 1977 1992 1998 2013 2030 2051 2072 2116 2131 2157 2187 2216 2220 2254 2300 2296 2266 2209 2192 2176 2156 2137 2105 2071 2034 2005 1978 1947 1874 1887 1898 1888 1876 1859 1836 1821 1808 1799 1821 1852 1817 1801 1789 1778 1753 1743 1742 1732 1729 1699 1686 1685 1681 1677 1683 1677 1668 1662 1663 1669 1668
-9999 -9999 -9999 -9999 -9999 -9999 -9999 -9999 -9999 -9999 -9999 1844 1836 1843 1865 1882 1909 1926 1930 1951 1975 1984 1981 1984 2007 2016 2018 2034 2054 2077 2132 2145 2173 2213 2245 2266 2294 2325 2315 2297 2242 2224 2204 2186 2168 2130 2090 2049 2008 1969 1942 1882 1912 1917 1902 1893 1877 1855 1839 1831 1842 1870 1847 1831 1816 1802 1791 1774 1772 1766 1746 1734 1726 1710 1706 1695 1694 1701 1694 1687 1677 1677 1680 1668
-9999 -9999 -9999 -9999 -9999 -9999 -9999 -9999 -9999 -9999 -9999 1858 1870 1865 1858 1867 1902 1936 1951 1962 1984 2006 2003 1999 2028 2047 2039 2049 2070 2082 2124 2147 2167 2195 2224 2256 2304 2348 2348 2338 2317 2262 2233 2206 2172 2127 2086 2034 2001 1976 1952 1921 1936 1934 1921 1908 1902 1881 1861 1860 1882 1893 1858 1841 1821 1803 1792 1791 1792 1777 1767 1770 1769 1746 1724 1722 1723 1714 1701 1692 1692 1697 1684 1666
-9999 -9999 -9999 -9999 -9999 -9999 -9999 -9999 -9999 -9999 -9999 1872 1881 1899 1894 1885 1888 1923 1958 1982 1998 2017 2029 2023 2043 2067 2072 2068 2093 2107 2140 2166 2182 2200 2217 2251 2299 2346 2369 2372 2348 2288 2232 2180 2140 2105 2075 2047 2027 1995 1949 1947 1950 1944 1933 1921 1923 1908 1891 1905 1944 1924 1897 1880 1864 1851 1845 1832 1812 1794 1795 1790 1799 1745 1732 1739 1749 1741 1718 1715 1722 1720 1703 1666
-9999 -9999 -9999 -9999 -9999 -9999 -9999 -9999 -9999 -9999 -9999 1887 1894 1916 1921 1927 1911 1902 1941 1977 2014 2026 2049 2050 2056 2074 2094 2105 2117 2133 2157 2194 2220 2233 2254 2269 2286 2317 2343 2352 2338 2295 2235 2172 2139 2109 2079 2051 2003 1963 1939 1962 1976 1972 1983 1999 1994 1967 1960 1969 1960 1946 1917 1913 1907 1896 1875 1847 1824 1823 1814 1808 1823 1777 1766 1767 1787 1774 1740 1746 1741 1726 1726 1681
-9999 -9999 -9999 -9999 -9999 -9999 -9999 -9999 -9999 -9999 1897 1894 1910 1924 1942 1954 1943 1932 1921 1957 2021 2040 2060 2063 2071 2087 2102 2122 2138 2159 2186 2214 2250 2262 2275 2302 2306 2305 2308 2301 2297 2270 2225 2173 2108 2047 2053 2047 2025 2028 2024 2015 2005 2012 2029 2051 2028 2003 2006 1995 1986 1978 1943 1937 1931 1911 1878 1846 1840 1843 1825 1833 1843 1805 1791 1815 1828 1806 1766 1764 1759 1746 1739 1683
-9999 -9999 -9999 -9999 -9999 -9999 -9999 -9999 -9999 -9999 1924 1918 1920 1936 1938 1963 1969 1972 1953 1943 2002 2049 2071 2085 2086 2104 2131 2146 2163 2181 2211 2227 2265 2287 2334 2363 2341 2308 2279 2255 2245 2216 2183 2095 2069 2099 2111 2077 2054 2061 2048 2043 2041 2061 2067 2085 2081 2060 2052 2036 2018 2001 1962 1960 1936 1903 1870 1856 1862 1860 1847 1855 1857 1809 1822 1848 1847 1826 1791 1774 1767 1759 1751 1734
-9999 -9999 -9999 -9999 -9999 -9999 -9999 -9999 -9999 -9999 1939 1943 1940 1946 1947 1958 1981 1994 1998 1984 1970 2007 2064 2091 2102 2115 2162 2185 2219 2242 2271 2281 2301 2331 2352 2349 2316 2284 2265 2274 2296 2223 2150 2115 2132 2149 2143 2101 2091 2093 2079 2078 2079 2099 2097 2107 2112 2106 2088 2061 2041 2014 2000 1979 1934 1902 1886 1888 1892 1879 1872 1871 1867 1833 1846 1856 1848 1818 1785 1771 1768 1762 1759 1740
-9999 -9999 -9999 -9999 -9999 -9999 -9999 -9999 -9999 -9999 1949 1945 1953 1962 1967 1970 1977 1994 2028 2049 2052 2067 2075 2071 2100 2127 2156 2196 2232 2265 2295 2316 2322 2324 2332 2320 2301 2302 2317 2335 2336 2239 2189 2167 2177 2173 2155 2125 2133 2132 2124 2125 2120 2134 2129 2137 2137 2126 2100 2068 2050 2040 2002 1968 1936 1915 1917 1920 1913 1902 1896 1889 1878 1873 1870 1863 1847 1830 1811 1782 1766 1757 1754 1750
-9999 -9999 -9999 -9999 -9999 -9999 -9999 -9999 -9999 1990 1995 2003 2012 2008 2013 2030 2048 2033 2022 2049 2091 2085 2103 2100 2097 2127 2164 2210 2242 2271 2308 2364 2365 2358 2341 2318 2303 2305 2352 2373 2365 2269 2261 2237 2203 2192 2168 2154 2174 2170 2162 2171 2162 2167 2158 2161 2154 2146 2126 2099 2079 2059 2022 1971 1962 1952 1951 1947 1932 1917 1908 1906 1904 1905 1893 1877 1862 1871 1862 1826 1814 1789 1768 1785
-9999 -9999 -9999 -9999 -9999 -9999 -9999 -9999 -9999 2010 2017 2018 2024 2041 2052 2061 2069 2078 2061 2047 2106 2118 2120 2132 2113 2126 2163 2206 2249 2295 2330 2402 2410 2390 2354 2331 2312 2304 2348 2364 2357 2297 2299 2298 2271 2246 2215 2193 2217 2209 2206 2209 2196 2201 2204 2197 2176 2172 2157 2125 2092 2062 2030 1999 1992 1988 1983 1968 1951 1941 1936 1933 1931 1928 1922 1917 1913 1916 1913 1892 1877 1832 1801 1820
-9999 -9999 -9999 -9999 -9999 -9999 -9999 -9999 -9999 2019 2041 2052 2061 2068 2078 2091 2088 2099 2099 2092 2081 2118 2142 2154 2150 2138 2138 2176 2240 2304 2354 2424 2418 2397 2363 2331 2323 2332 2342 2336 2328 2316 2311 2315 2306 2281 2273 2264 2258 2254 2257 2251 2218 2224 2236 2228 2199 2188 2175 2140 2106 2092 2078 2045 2037 2025 2008 1981 1971 1961 1953 1947 1949 1950 1957 1955 1945 1937 1929 1915 1914 1872 1841 1841
-9999 -9999 -9999 -9999 -9999 -9999 -9999 -9999 -9999 2042 2068 2080 2087 2088 2098 2114 2116 2120 2127 2137 2095 2096 2131 2173 2190 2173 2172 2187 2230 2292 2355 2414 2385 2368 2352 2335 2333 2348 2349 2337 2328 2326 2329 2321 2309 2298 2299 2293 2287 2284 2281 2268 2240 2240 2245 2246 2233 2211 2195 2170 2155 2139 2125 2082 2064 2039 2011 1993 1986 1974 1975 1976 1975 1966 1963 1965 1957 1941 1917 1911 1928 1897 1850 1817
-9999 -9999 -9999 -9999 -9999 -9999 -9999 -9999 2049 2064 2090 2099 2103 2112 2124 2125 2138 2138 2148 2161 2162 2148 2143 2171 2215 2222 2225 2246 2279 2320 2369 2389 2368 2357 2350 2343 2334 2346 2352 2347 2341 2338 2338 2323 2309 2310 2309 2303 2303 2302 2294 2279 2267 2274 2272 2267 2254 2234 2233 2222 2196 2169 2142 2088 2067 2043 2022 2017 2011 2009 2016 2008 1986 1966 1961 1960 1946 1911 1880 1861 1843 1786 1742 1709
-9999 -9999 -9999 -9999 -9999 -9999 -9999 -9999 2066 2074 2104 2119 2121 2134 2147 2146 2152 2160 2171 2186 2197 2210 2188 2179 2228 2262 2275 2286 2308 2346 2389 2384 2370 2357 2345 2336 2342 2339 2344 2359 2355 2347 2337 2329 2316 2319 2317 2313 2310 2306 2296 2282 2278 2288 2299 2292 2279 2284 2287 2268 2226 2174 2148 2119 2100 2074 2050 2052 2069 2054 2026 1986 1958 1944 1924 1897 1857 1851 1804 1801 1783 1753 1730 1692
-9999 -9999 -9999 -9999 -9999 -9999 -9999 -9999 2071 2082 2110 2118 2137 2150 2153 2162 2164 2177 2186 2209 2224 2233 2224 2199 2215 2258 2295 2338 2345 2360 2394 2374 2366 2357 2345 2335 2342 2342 2348 2362 2359 2352 2333 2330 2323 2323 2325 2324 2320 2312 2300 2293 2290 2305 2320 2326 2329 2325 2302 2258 2222 2194 2180 2150 2139 2133 2110 2090 2067 2039 2021 1997 1981 1964 1874 1814 1791 1768 1741 1729 1720 1696 1686 1672
-9999 -9999 -9999 -9999 -9999 -9999 -9999 -9999 2074 2093 2136 2144 2154 2163 2180 2183 2181 2191 2203 2220 2241 2263 2261 2244 2217 2243 2285 2329 2386 2406 2417 2370 2358 2346 2341 2341 2348 2347 2354 2367 2366 2351 2339 2342 2332 2331 2334 2332 2331 2322 2319 2359 2352 2347 2345 2351 2356 2340 2305 2274 2238 2224 2209 2174 2156 2126 2071 2051 2015 1981 1977 1967 1982 1976 1873 1804 1754 1729 1698 1676 1659 1644 1622 1626
-9999 -9999 -9999 -9999 -9999 -9999 -9999 2110 2103 2101 2159 2165 2174 2175 2195 2208 2211 2217 2224 2234 2254 2285 2289 2280 2254 2245 2272 2324 2390 2445 2454 2408 2363 2350 2343 2354 2358 2356 2364 2372 2369 2355 2368 2365 2362 2374 2383 2384 2383 2384 2378 2386 2388 2370 2367 2368 2370 2351 2303 2272 2256 2235 2198 2166 2120 2054 1996 1957 1928 1888 1884 1897 1910 1921 1839 1778 1763 1731 1696 1653 1627 1604 1584 1575
-9999 -9999 -9999 -9999 -9999 -9999 -9999 2125 2136 2126 2163 2184 2193 2204 2217 2224 2229 2245 2245 2255 2272 2305 2313 2321 2312 2283 2287 2337 2393 2452 2470 2427 2356 2346 2354 2365 2373 2371 2373 2382 2378 2365 2381 2390 2396 2406 2410 2413 2416 2419 2408 2408 2403 2383 2379 2379 2376 2361 2323 2288 2240 2174 2163 2125 2043 1984 1929 1892 1859 1836 1827 1827 1816 1846 1793 1750 1728 1696 1665 1641 1609 1603 1587 1552
