slides/data/slope100m_cl.txt
ncols         169
nrows         382
xllcorner     813515.0021541
yllcorner     1119250.21741
cellsize      100
NODATA_value  -9999
[rows 0 to 29 of 382, columns 69 to 137 of 169]
-9999 -9999 -9999 -9999 -9999 -9999 -9999 -9999 -9999 -9999 -9999 -9999 -9999 -9999 -9999 -9999 -9999 -9999 -9999 -9999 -9999 -9999 -9999 -9999 -9999 -9999 -9999 -9999 -9999 -9999 -9999 -9999 -9999 -9999 -9999 -9999 -9999 -9999 -9999 -9999 -9999 -9999 -9999 -9999 -9999 -9999 -9999 -9999 -9999 -9999 -9999 -9999 -9999 -9999 -9999 -9999 -9999 -9999 -9999 -9999 -9999 -9999 -9999 -9999 -9999 -9999 -9999 -9999 -9999
-9999 -9999 -9999 -9999 -9999 -9999 -9999 -9999 -9999 -9999 -9999 -9999 -9999 -9999 -9999 -9999 -9999 1.145763 0.5454231 0.6794125 0.6405596 0.2025703 0.4176038 0.8653187 1.660742 0.9554377 0.4529535 0.5064147 0.4176038 0.1012855 0.6160724 -9999 -9999 -9999 -9999 -9999 -9999 -9999 -9999 -9999 -9999 -9999 -9999 -9999 -9999 -9999 -9999 -9999 -9999 -9999 -9999 -9999 -9999 -9999 -9999 -9999 -9999 -9999 -9999 -9999 -9999 -9999 -9999 -9999 -9999 -9999 -9999 -9999 -9999
-9999 -9999 -9999 -9999 -9999 -9999 -9999 -9999 -9999 -9999 -9999 -9999 -9999 -9999 -9999 -9999 2.009637 1.505372 0.5905704 0.8712244 0.7161599 0.5064147 0.5064147 0.9974465 2.128428 1.571981 0.9337243 0.8165352 0.4529535 1.584966 2.406116 2.58054 3.251855 2.631573 0.5064147 1.181015 1.432096 0.6794125 0.7713214 -9999 -9999 -9999 -9999 -9999 -9999 -9999 -9999 -9999 -9999 -9999 -9999 -9999 -9999 -9999 -9999 -9999 -9999 -9999 -9999 -9999 -9999 -9999 -9999 -9999 -9999 -9999 -9999 -9999 -9999
-9999 -9999 -9999 -9999 -9999 -9999 -9999 -9999 -9999 -9999 -9999 -9999 -9999 -9999 -9999 -9999 2.431503 2.631573 2.764266 2.950346 2.371841 1.825334 0.5164432 2.499982 2.437808 2.530493 2.17365 2.433606 2.631573 2.536551 1.95539 1.571981 1.730243 1.118594 2.312847 2.862405 3.16751 2.950346 2.554638 2.689248 3.077518 3.037407 1.811248 2.602253 4.342234 3.018843 2.310633 2.347986 -9999 -9999 -9999 -9999 -9999 -9999 -9999 -9999 -9999 -9999 -9999 -9999 -9999 -9999 -9999 -9999 -9999 -9999 -9999 -9999 -9999
-9999 -9999 -9999 -9999 -9999 -9999 -9999 -9999 -9999 -9999 -9999 -9999 -9999 -9999 -9999 -9999 3.494049 4.006718 3.718994 3.084152 2.592406 3.747684 2.024868 3.718994 2.749428 1.923703 0.9974465 1.910344 2.499982 1.268897 0.6076908 1.474415 1.648355 2.084677 3.337111 3.303275 3.731317 4.125753 4.452185 4.318725 2.955539 1.439236 0.8351632 1.623297 3.33864 3.681775 2.450369 0.6794125 0.5064147 0.9554377 1.185348 0.6485165 0.5454231 0.8712244 1.13226 2.027396 -9999 -9999 -9999 -9999 -9999 -9999 -9999 -9999 -9999 -9999 -9999 -9999 -9999
-9999 -9999 -9999 -9999 -9999 -9999 -9999 -9999 -9999 -9999 -9999 -9999 -9999 -9999 -9999 -9999 1.532364 2.222559 1.296867 0.1012855 0.5064147 1.989146 2.361028 3.393249 2.274914 0.2264803 0.2025703 0.6160724 0.6160724 1.439236 2.113945 2.152348 2.899668 2.625736 2.128428 0.9058504 1.095438 1.660742 2.128428 2.050002 1.733201 1.185348 0.7161599 1.377367 1.747918 0.9337243 1.377367 1.154677 0.1432392 0.1012855 0.6485165 1.362401 1.902284 2.004534 1.802743 1.181015 0.1012855 0.9974465 0.4297103 1.474415 1.847648 0.7089629 0.6160724 0.9337243 -9999 -9999 -9999 -9999 -9999
-9999 -9999 -9999 -9999 -9999 -9999 -9999 -9999 -9999 -9999 -9999 -9999 -9999 -9999 -9999 1.377367 0.4529535 1.724311 2.308417 1.632739 0.5729387 0.5164432 1.460445 2.330483 0.9974465 0.2264803 0.5905704 0.4297103 0.9058504 2.941671 3.439572 2.725141 2.950346 2.050002 0.3651854 0.4529535 0.4176038 0.6405596 1.460445 2.024868 1.648355 1.41046 1.449879 2.363195 1.934323 1.362401 1.01275 1.057333 1.002574 0.7161599 0.6485165 0.7089629 1.620137 1.296867 0.8653187 0.9058504 1.495124 1.219456 1.632739 2.499982 1.421319 0.5729387 0.4529535 0.3202898 0.8653187 1.0178 0.3202898 0.7161599 1.601049
-9999 -9999 -9999 -9999 -9999 -9999 -9999 -9999 -9999 -9999 -9999 -9999 -9999 -9999 -9999 0.4176038 0.7161599 0.4529535 0.9337243 0.8165352 0.9171017 0.4051356 1.076554 1.320369 0.2264803 0.6076908 0.3038539 1.548994 2.913737 3.445503 2.135632 0.2864765 0.9171017 1.223652 0.7713214 0.3651854 0.7161599 1.154677 1.223652 1.575237 1.575237 1.320369 1.825334 1.685242 0.9607894 0.5905704 0.5064147 0.6794125 1.215245 1.825334 1.358634 0.5064147 1.185348 0.7303412 1.926363 3.412752 3.551995 2.084677 2.88021 3.008668 1.316481 0.3651854 0.4529535 1.042684 0.9607894 0.7303412 0.2264803 0.8351632 0.8653187
-9999 -9999 -9999 -9999 -9999 -9999 -9999 -9999 -9999 -9999 -9999 -9999 -9999 -9999 -9999 1.0178 0.3038539 0.9058504 0.1012855 1.002574 1.910344 2.17365 2.263636 2.247751 1.232002 0.8165352 1.320369 3.243992 2.65672 1.320369 0.6794125 1.236156 0.5064147 0.8653187 1.042684 0.3038539 0.5164432 0.6160724 0.7373295 0.7161599 0.7089629 0.3651854 1.947517 1.724311 1.268897 1.866953 1.910344 2.050002 1.768315 0.5164432 0.5164432 1.01275 0.7303412 0.1012855 3.125293 3.808426 1.439236 1.320369 2.047502 3.441056 2.822837 2.371841 1.866953 1.095438 1.406821 1.742046 1.076554 0.8165352 0.7910154
-9999 -9999 -9999 -9999 -9999 -9999 -9999 -9999 -9999 -9999 -9999 -9999 -9999 -9999 -9999 0.7713214 0.6160724 1.320369 2.087132 1.866953 1.439236 1.518928 1.522298 1.825334 2.087132 0.8165352 2.240909 2.806489 0.6405596 0.2264803 0.3651854 0.3202898 1.721337 2.229458 2.779026 1.733201 0.7161599 0.5064147 0.9554377 0.4176038 1.223652 1.118594 1.858704 1.802743 0.3202898 1.090747 1.219456 2.976219 2.462867 2.152348 2.047502 1.219456 0.7161599 1.252634 4.076062 3.483809 1.601049 1.331964 1.648355 2.864191 1.518928 0.3202898 0.7910154 0.6405596 0.4529535 0.8165352 1.181015 1.377367 0.8712244
-9999 -9999 -9999 -9999 -9999 -9999 -9999 -9999 -9999 -9999 -9999 -9999 -9999 -9999 2.164209 2.414608 2.437808 1.883342 0.7713214 0.5164432 0.4529535 0.8712244 1.154677 1.495124 2.58054 0.5905704 2.084677 2.406116 0.9171017 0.3202898 0.2264803 0.6794125 1.432096 0.4176038 1.41046 2.310633 1.320369 0.7161599 0.8712244 0.2864765 1.377367 0.5064147 2.446189 2.464943 1.185348 1.721337 1.13226 1.268897 1.921039 1.697359 1.891483 1.623297 1.730243 2.44828 3.488201 2.899668 1.571981 1.721337 2.084677 2.851669 1.076554 0.7910154 0.8165352 0.5729387 0 1.648355 0.6405596 1.358634 0.2264803
-9999 -9999 -9999 -9999 -9999 -9999 -9999 -9999 -9999 -9999 -9999 -9999 -9999 -9999 2.950346 1.802743 1.185348 0.7089629 0.8165352 0.7161599 0.2264803 0.5064147 1.331964 2.064934 3.452903 2.762416 0.5064147 2.382605 1.833734 1.902284 2.004534 1.923703 1.377367 2.077296 2.009637 2.220254 1.575237 0.3202898 0.7089629 0.5064147 0.7161599 0.5905704 2.361028 2.247751 0.6076908 1.223652 1.791341 1.358634 0.3202898 1.0178 2.1452 2.864191 2.530493 2.437808 2.113945 1.883342 1.002574 2.464943 3.175563 1.730243 0.4176038 1.232002 1.601049 1.320369 0.5454231 1.362401 0.9554377 2.047502 0.7713214
-9999 -9999 -9999 -9999 -9999 -9999 -9999 -9999 -9999 -9999 -9999 -9999 -9999 -9999 0.5454231 0.2864765 0.5454231 0.9337243 1.252634 0.8653187 1.252634 1.320369 1.320369 1.090747 2.399727 4.189458 3.044129 1.01275 1.505372 2.764266 2.450369 2.950346 1.215245 0.8165352 0.9554377 1.13226 1.042684 0.7161599 0.8165352 0.5729387 0.3651854 0.7713214 2.084677 2.024868 0.3202898 0.4529535 0.9337243 1.571981 1.320369 1.320369 3.439572 4.792124 4.866821 3.665111 1.996855 0.2025703 2.354516 2.283896 2.450369 1.362401 0.5905704 0.3038539 0.8712244 1.965839 0.8712244 0.9607894 1.377367 1.118594 1.41046
-9999 -9999 -9999 -9999 -9999 -9999 -9999 -9999 -9999 -9999 -9999 -9999 -9999 -9999 0.5064147 0.3202898 0.1432392 0.6794125 0.9974465 0.5164432 0.8653187 0.3038539 1.449879 0.7910154 0.8165352 1.377367 2.562636 2.363195 1.802743 1.154677 0.9337243 2.833684 2.996754 1.505372 0.7161599 0.8351632 0.6160724 0.2264803 0.8653187 1.090747 1.219456 1.118594 1.58173 1.584966 0.9337243 1.219456 1.632739 0.6485165 1.77121 3.423207 3.239265 2.592406 2.894374 2.806489 1.95539 2.087132 1.791341 0 1.742046 1.77121 0.5164432 0.5064147 0.5454231 1.660742 1.474415 0.8593723 1.145763 1.268897 1.181015
-9999 -9999 -9999 -9999 -9999 -9999 -9999 -9999 -9999 -9999 -9999 -9999 -9999 -9999 0.5454231 0.6405596 0.8593723 0.7373295 0.8653187 0.4051356 0.7713214 1.747918 1.747918 1.219456 1.660742 1.358634 0.8165352 2.996754 3.480877 1.223652 0.7373295 1.685242 3.177171 2.337062 0.3038539 0.7713214 0.8653187 0.9554377 1.219456 1.421319 1.296867 1.268897 0.9337243 0.9058504 1.965839 1.934323 2.113945 1.947517 1.934323 3.681775 2.152348 0.3651854 0.7713214 0.9058504 1.090747 2.446189 2.147585 1.432096 2.087132 1.994289 0.9058504 0.3651854 0.9607894 0.8351632 0.9974465 0.9974465 2.530493 2.941671 1.542363
-9999 -9999 -9999 -9999 -9999 -9999 -9999 -9999 -9999 -9999 -9999 -9999 -9999 0.7373295 0.5064147 0.5454231 0.7373295 1.377367 1.825334 1.449879 0.9607894 1.41046 0.9607894 0.7713214 1.232002 1.632739 1.95539 2.004534 4.076062 1.965839 0.8653187 1.057333 1.316481 3.26283 0.8165352 1.145763 0.9607894 0.9337243 0.6405596 0.9974465 0.6485165 0.8653187 0.7161599 1.002574 1.118594 0.8165352 1.01275 0.5454231 0.8165352 2.811949 2.437808 2.077296 1.648355 1.320369 1.057333 1.742046 1.185348 0.7713214 2.536551 1.825334 0.7910154 0.7910154 0.7161599 0.7303412 0.6405596 1.01275 2.897904 2.414608 3.488201
-9999 -9999 -9999 -9999 -9999 -9999 -9999 -9999 -9999 -9999 -9999 -9999 -9999 2.190075 0.7161599 0.7910154 1.669972 1.495124 1.571981 1.518928 1.296867 1.181015 1.01275 1.296867 0.9554377 1.219456 2.247751 1.320369 2.433606 3.293986 3.148096 3.754482 2.308417 2.446189 2.236335 0.8653187 1.219456 0.7161599 0.9554377 0.9607894 1.185348 0.4529535 0.4529535 1.145763 1.13226 0.6794125 1.076554 0.3651854 1.114001 1.768315 0.6405596 0.8165352 0.7303412 0.9974465 1.358634 2.128428 2.337062 3.239265 3.848382 1.858704 0.5064147 1.377367 1.118594 1.280959 0.8165352 1.316481 3.665111 1.377367 2.147585
-9999 -9999 -9999 -9999 -9999 -9999 -9999 -9999 -9999 -9999 -9999 -9999 -9999 0.9337243 1.439236 0.9058504 0.9607894 0.3038539 0.6160724 1.811248 2.612064 1.522298 1.320369 1.154677 1.042684 0.7161599 1.417709 1.13226 0.9337243 1.01275 1.090747 1.825334 3.747684 2.639336 2.034959 0.7303412 1.495124 1.351068 0.8165352 0.6794125 0.8351632 0.1012855 0.6794125 0.4051356 1.351068 0.7089629 1.032802 0.5729387 1.280959 1.866953 0.7161599 0.5905704 0.2864765 0.9554377 1.417709 2.936454 3.533268 3.681775 3.376658 2.649008 2.672077 1.280959 0.7713214 0.7089629 0.3651854 0.1432392 3.507171 2.715742 1.320369
-9999 -9999 -9999 -9999 -9999 -9999 -9999 -9999 -9999 -9999 -9999 -9999 -9999 2.084677 0.6794125 2.247751 1.858704 0.8653187 0.7161599 1.676096 3.703876 1.77121 1.351068 0.7713214 0.6485165 0.6405596 0.7713214 1.219456 1.660742 1.518928 2.077296 2.44828 0.7161599 2.849875 3.540482 3.232952 2.180705 1.01275 0.5064147 0.3202898 0.9058504 0.6485165 1.032802 0.7910154 0.9337243 1.320369 1.542363 2.328286 2.330483 3.117109 0.6160724 0.8593723 0.7713214 2.166573 3.143224 3.546243 2.429397 1.548994 1.460445 0.1012855 1.994289 2.211012 3.008668 3.601925 3.949063 4.291527 3.169122 1.377367 1.223652
-9999 -9999 -9999 -9999 -9999 -9999 -9999 -9999 -9999 -9999 -9999 -9999 3.890544 3.393249 1.449879 1.730243 3.177171 0.5454231 1.866953 1.866953 3.625926 2.38904 0.8653187 0.5064147 0.5729387 1.13226 0.1432392 0.3651854 0.1432392 0.4297103 1.057333 1.215245 1.866953 4.570584 2.673991 5.944123 2.44828 0.6794125 1.057333 1.505372 2.047502 1.648355 1.449879 0.9337243 1.697359 0.2864765 2.977936 1.620137 2.363195 3.436603 0.9058504 0.2264803 1.219456 3.363021 3.123658 1.947517 1.223652 0.7303412 0.9337243 3.103968 5.87911 5.352511 4.51685 4.247403 4.027015 3.790979 2.822837 0.9058504 1.090747
-9999 -9999 -9999 -9999 -9999 -9999 -9999 -9999 -9999 -9999 -9999 -9999 3.81244 5.000645 1.01275 1.825334 2.437808 1.268897 1.861458 1.601049 2.989925 1.996855 0.8712244 0.7089629 1.219456 1.847648 1.01275 0.5454231 0.7910154 0.9974465 0.9337243 1.316481 3.646971 5.831597 2.639336 6.814767 3.376658 2.779026 1.532364 1.635874 1.721337 0.9974465 1.41046 1.721337 1.532364 2.481494 2.548624 0.5729387 2.625736 2.229458 1.532364 1.219456 2.135632 2.135632 2.247751 3.551995 3.276887 1.811248 0.6794125 4.403919 5.249192 2.576572 1.648355 1.002574 0.3651854 0.4529535 2.037474 2.236335 2.220254
-9999 -9999 -9999 -9999 -9999 -9999 -9999 -9999 -9999 -9999 -9999 -9999 5.785432 4.156504 0.4529535 1.41046 0.9607894 1.883342 0.5064147 2.489728 3.621702 2.328286 1.181015 0.8712244 1.601049 0.8712244 0.9058504 1.223652 0.5729387 1.358634 0.7161599 2.034959 4.539318 4.301007 1.669972 6.450141 4.351602 2.180705 3.175563 2.576572 0.9554377 0.7303412 0.9058504 1.861458 2.723264 2.128428 0.3202898 2.762416 3.540482 2.037474 1.351068 0.8712244 2.247751 0.9337243 0.7373295 2.229458 4.36445 5.052157 3.731317 7.155974 4.666374 1.822526 0.7161599 0.5729387 1.358634 0.8653187 1.01275 2.489728 3.097377
-9999 -9999 -9999 -9999 -9999 -9999 -9999 -9999 -9999 -9999 -9999 -9999 4.676169 0.2264803 1.406821 0.2264803 2.263636 3.399262 4.579477 4.486337 5.31353 2.560639 1.449879 0.5729387 1.742046 3.551995 3.399262 1.460445 0.8712244 1.13226 2.229458 4.357447 4.549392 2.027396 1.697359 5.076214 6.15792 2.864191 2.560639 2.363195 2.941671 3.452903 3.303275 3.293986 3.018843 2.437808 1.825334 3.614651 3.276887 1.802743 1.320369 1.154677 3.032355 0.6794125 1.635874 1.648355 2.406116 4.801658 5.076214 5.39872 1.697359 1.406821 1.219456 1.090747 1.252634 1.721337 1.252634 1.154677 1.660742
-9999 -9999 -9999 -9999 -9999 -9999 -9999 -9999 -9999 -9999 -9999 4.207653 2.009637 3.488201 2.113945 3.553431 4.415459 4.842752 5.854971 5.084207 2.147585 1.320369 1.866953 1.518928 2.689248 3.990149 2.864191 2.799192 1.118594 0.8351632 2.406116 4.791063 1.825334 0.6405596 2.382605 5.600479 7.413004 0.7089629 0.3651854 2.037474 4.094768 4.310465 4.326968 4.78788 4.851138 4.348092 3.26283 2.180705 2.337062 2.38904 1.965839 2.749428 3.557737 1.522298 2.791876 1.032802 0.7713214 1.331964 1.733201 1.825334 1.219456 1.861458 1.474415 0.9337243 1.090747 2.58054 1.934323 1.742046 1.825334
-9999 -9999 -9999 -9999 -9999 -9999 -9999 -9999 -9999 -9999 -9999 2.532514 2.715742 2.211012 4.51347 4.735581 2.594379 2.274914 0.6076908 2.406116 4.560558 6.000835 5.284821 3.801725 2.560639 2.308417 1.316481 3.077518 2.835487 2.950346 2.835487 3.823125 1.042684 0.6485165 1.185348 5.699946 4.934196 1.532364 0.5164432 2.009637 1.791341 1.833734 3.044129 2.862405 3.369089 5.214287 6.228858 3.557737 1.421319 3.117109 3.480877 3.557737 3.251855 2.22716 4.027015 1.090747 1.042684 0.2025703 1.181015 0.4297103 1.432096 1.989146 2.190075 1.601049 1.794198 1.632739 1.648355 1.449879 0.7161599
-9999 -9999 -9999 -9999 -9999 -9999 -9999 -9999 -9999 -9999 -9999 1.432096 0.8653187 1.724311 5.25209 5.754737 3.352377 2.762416 1.474415 4.000353 5.11109 2.229458 2.027396 0.5064147 1.181015 2.047502 0.8653187 1.13226 3.507171 5.076214 6.368289 5.076214 2.725141 2.779026 4.044691 3.851031 2.274914 2.330483 1.522298 1.095438 2.753145 4.000353 4.583918 5.144738 6.076159 6.036107 5.900578 6.13738 3.907541 1.724311 0.8653187 2.538567 2.639336 2.464943 4.716221 1.358634 1.439236 0.9337243 2.050002 2.29061 2.283896 1.724311 1.377367 1.768315 2.548624 2.371841 2.58054 3.463236 1.697359
-9999 -9999 -9999 -9999 -9999 -9999 -9999 -9999 -9999 -9999 -9999 1.923703 0.8593723 0.8653187 3.844405 4.597212 3.786942 3.003568 1.280959 4.750584 4.51347 1.768315 3.646971 2.715742 1.635874 1.989146 1.154677 1.724311 2.414608 2.941671 3.423207 2.934713 6.822886 3.539041 2.330483 4.573921 5.600479 4.650002 3.117109 0.9114934 4.348092 5.963654 5.267519 5.42401 5.633835 3.625926 4.341062 5.523984 4.097255 2.857042 4.2137 5.344928 4.666374 3.463236 4.351602 1.219456 1.866953 2.504071 2.865975 3.293986 2.024868 0.5064147 1.794198 1.296867 2.047502 2.354516 3.084152 2.631573 1.861458
-9999 -9999 -9999 -9999 -9999 -9999 -9999 -9999 -9999 -9999 2.220254 3.546243 1.601049 2.941671 3.691461 3.614651 5.376138 2.78454 1.934323 5.895432 4.16385 3.082495 3.044129 1.883342 2.220254 1.316481 0.5064147 1.090747 3.718994 3.587731 2.530493 9.173343 6.374623 3.539041 7.584815 4.891808 4.452185 5.490867 5.072213 2.222559 6.554816 6.34845 6.071168 3.808426 1.825334 4.076062 5.555988 4.284403 2.576572 1.01275 1.794198 3.955511 5.936462 4.076062 1.866953 1.377367 2.437808 3.551995 1.542363 1.223652 2.050002 2.135632 1.910344 2.229458 2.337062 2.229458 1.685242 1.145763 0.7161599
-9999 -9999 -9999 -9999 -9999 -9999 -9999 -9999 -9999 -9999 4.218531 4.920796 3.890544 4.189458 3.412752 4.676169 4.609364 0.7713214 2.725141 5.614026 4.149145 2.263636 4.357447 2.024868 1.057333 0.6794125 0.7161599 2.034959 4.35511 1.331964 5.861879 5.867916 2.791876 5.368589 4.887652 2.799192 3.81244 6.021017 4.934196 4.672906 8.148129 6.022696 4.99048 0.9337243 4.34692 3.584885 5.71768 3.26283 0.4529535 2.047502 1.474415 0.9337243 2.864191 2.106667 1.95539 2.876658 2.857042 1.947517 2.88021 6.361154 5.937314 3.445503 1.685242 1.268897 1.316481 1.495124 0.3651854 0.6405596 1.076554
-9999 -9999 -9999 -9999 -9999 -9999 -9999 -9999 -9999 -9999 7.768766 6.457954 2.506114 2.506114 2.446189 2.936454 4.194318 4.16874 6.193902 5.923672 4.189458 3.460287 5.276177 3.646971 2.064934 2.414608 2.791876 2.897904 1.632739 4.16874 5.376138 1.232002 6.031919 4.681602 2.126021 0.9607894 3.436603 5.914274 3.653958 5.225949 9.198699 5.900578 2.135632 2.976219 1.994289 2.672077 7.353892 7.018409 6.383323 6.055333 3.762623 1.362401 3.018843 3.008668 2.084677 1.548994 1.236156 1.185348 6.095255 7.297719 4.710829 3.243992 1.944885 2.934713 2.649008 0.9554377 1.474415 1.181015 0
