slides/data/slope100m_cl.txt
ncols         169
nrows         382
xllcorner     813515.0021541
yllcorner     1119250.21741
cellsize      100
NODATA_value  -9999
[rows 270 to 299 of 382, columns 0 to 68 of 169]
-9999 -9999 -9999 -9999 -9999 -9999 -9999 -9999 -9999 -9999 -9999 -9999 -9999 -9999 -9999 -9999 -9999 -9999 -9999 -9999 -9999 -9999 6.420358 5.31353 8.990399 6.63429 2.649008 6.021017 8.387656 6.239386 6.600787 7.820765 6.504634 2.347986 6.055333 7.52578 6.861134 4.855325 4.987427 7.115137 6.108503 6.09857 5.675916 5.291534 4.318725 4.091034 6.057836 7.408267 3.089118 5.42401 7.743599 7.935037 8.170156 7.026284 6.647187 6.960857 7.173502 9.306834 10.60257 12.07522 12.62039 12.06721 10.73338 9.391014 8.365639 7.111605 6.855264 5.446389 4.681602
-9999 -9999 -9999 -9999 -9999 -9999 -9999 -9999 -9999 -9999 -9999 -9999 -9999 -9999 -9999 -9999 -9999 -9999 -9999 -9999 -9999 -9999 6.34845 4.208863 5.553253 7.358666 5.643713 5.015851 6.584735 8.047605 6.983217 6.193902 5.944123 5.150652 3.518794 6.201235 8.025846 7.063388 5.948374 8.247968 6.715789 7.873673 8.530766 8.276949 7.97588 7.68975 7.654503 5.112082 2.88021 4.374932 5.872224 6.895514 7.552372 7.184696 6.255548 6.580141 5.963654 6.766582 5.515724 6.495326 7.691703 9.748313 11.21654 10.32888 9.147369 8.906069 7.909161 5.461256 3.976074
-9999 -9999 -9999 -9999 -9999 -9999 -9999 -9999 -9999 -9999 -9999 -9999 -9999 -9999 -9999 -9999 -9999 -9999 -9999 -9999 -9999 6.239386 5.726525 7.429225 4.597212 5.213315 6.738994 7.553036 5.368589 7.377732 10.36494 9.854988 6.685724 6.142316 6.306179 7.26739 10.1871 9.182523 6.591619 8.089084 7.364119 7.039865 7.054844 8.371 9.053645 8.420273 6.395956 4.089788 4.714065 3.400764 4.842752 6.322962 6.057836 6.055333 7.326547 7.039865 4.10595 5.171299 3.964521 3.754482 1.947517 7.156676 9.145202 8.301619 8.222522 9.091368 8.277552 7.259788 5.710593
-9999 -9999 -9999 -9999 -9999 -9999 -9999 -9999 -9999 -9999 -9999 -9999 -9999 -9999 -9999 -9999 -9999 -9999 -9999 -9999 -9999 2.328286 4.365615 7.735191 10.46483 8.999227 5.761768 7.377732 8.670801 7.278434 7.358666 7.65254 8.047605 6.502308 6.991853 6.592384 8.967735 9.237397 5.174242 5.611319 5.867916 5.159511 4.000353 6.226426 7.623686 7.515116 6.18411 6.369873 5.464966 3.844405 5.344928 6.351628 6.121721 7.000477 7.58085 7.647302 6.302977 6.4337 4.318725 0.9058504 5.167373 7.803472 7.49909 6.297369 6.772532 6.743476 6.284532 7.342967 5.739767
-9999 -9999 -9999 -9999 -9999 -9999 -9999 -9999 -9999 -9999 -9999 -9999 -9999 -9999 -9999 -9999 -9999 -9999 -9999 -9999 -9999 2.532514 6.318971 6.748701 8.747888 9.451921 6.272472 4.681602 9.691445 6.925361 5.060189 4.750584 6.351628 8.180535 6.00252 6.869929 5.567827 8.702294 5.272331 5.683938 4.702188 5.560545 5.033029 5.375195 6.351628 6.319769 6.057836 7.200756 5.554165 5.267519 5.498244 6.73077 8.075489 8.094022 9.064597 10.91407 13.22744 11.86304 6.85453 5.610417 5.852379 5.509291 6.539418 6.695511 6.284532 5.419336 5.406226 6.91664 5.42401
-9999 -9999 -9999 -9999 -9999 -9999 -9999 -9999 -9999 -9999 -9999 -9999 -9999 -9999 -9999 -9999 -9999 -9999 -9999 -9999 -9999 4.731286 6.869929 6.387274 4.156504 4.027015 6.193902 1.648355 7.982143 6.5855 4.910463 7.26739 8.559897 7.358666 9.927238 8.23889 5.657154 8.077344 6.201235 7.61119 6.936248 5.453828 5.885129 5.561456 5.378023 6.00252 7.322435 7.352527 5.900578 7.254253 6.85453 8.649547 9.439355 9.974761 11.97673 14.80207 16.76534 15.17185 11.87977 9.213769 7.377732 6.457954 7.982143 6.367496 4.525851 5.194792 5.336383 5.561456 6.071168
-9999 -9999 -9999 -9999 -9999 -9999 -9999 -9999 -9999 -9999 -9999 -9999 -9999 -9999 -9999 -9999 -9999 -9999 -9999 -9999 6.187376 5.199673 6.960857 6.715789 4.16874 3.463236 5.589617 3.303275 6.474332 8.423822 8.615539 7.675411 8.285381 9.229886 8.202469 8.572682 7.751997 7.519783 7.980891 7.72094 7.860959 6.922455 5.356298 6.517024 4.232992 6.142316 8.286585 7.66235 6.727777 7.866683 6.278906 7.49374 8.927787 10.3512 12.29898 13.58918 12.51903 13.54079 14.75003 11.20002 9.216457 7.987777 8.775123 7.264627 6.730021 7.254253 7.210514 7.452814 6.253127
-9999 -9999 -9999 -9999 -9999 -9999 -9999 -9999 -9999 -9999 -9999 -9999 -9999 -9999 -9999 -9999 -9999 -9999 -9999 -9999 3.483809 4.835402 7.254253 6.262001 3.965806 4.421218 4.681602 4.520227 7.065523 9.525393 9.997939 8.000904 7.065523 10.8485 8.148129 5.658049 8.365639 6.194717 7.567618 6.675923 6.361154 6.574011 5.09916 6.759882 3.72995 5.023942 8.071776 7.336813 6.983217 8.25764 6.009253 7.388604 8.320819 8.293805 7.568943 6.108503 4.125753 10.66338 13.77733 10.64453 10.18565 8.976587 7.212603 5.438008 4.887652 4.570584 5.206498 6.989695 19.76118
-9999 -9999 -9999 -9999 -9999 -9999 -9999 -9999 -9999 -9999 -9999 -9999 -9999 -9999 -9999 -9999 -9999 -9999 -9999 -9999 3.369089 4.901145 6.142316 4.365615 2.976219 5.033029 4.566131 5.824653 6.890405 9.235788 10.54511 7.576221 6.70378 9.946574 8.918327 4.224563 8.385279 6.065339 7.000477 6.37937 6.147248 5.885129 5.128932 5.923672 4.954738 5.063198 7.856503 6.703029 5.82639 7.594717 7.632223 9.321187 9.173343 7.43125 3.018843 6.895514 10.04559 11.59518 14.22518 11.81928 12.71857 14.07192 15.05817 15.64343 16.90277 17.27209 15.28208 17.78547 38.43556
-9999 -9999 -9999 -9999 -9999 -9999 -9999 -9999 -9999 -9999 -9999 -9999 -9999 -9999 -9999 -9999 -9999 -9999 -9999 -9999 5.714138 4.866821 5.3667 3.828456 3.576334 5.465894 6.271667 7.505104 7.583493 8.887648 9.924756 7.974626 7.584815 8.672523 7.935037 4.006718 7.693656 7.345016 7.610532 6.574011 6.361154 6.274886 6.762861 6.628211 6.980337 5.796791 8.049467 7.079735 6.09857 7.581511 9.327558 9.267912 7.406912 7.676063 13.0136 21.22207 23.6335 24.78462 29.17295 29.27534 27.63089 29.23385 32.30587 34.29491 37.75113 38.7143 35.96637 30.28219 43.13245
-9999 -9999 -9999 -9999 -9999 -9999 -9999 -9999 -9999 -9999 -9999 -9999 -9999 -9999 -9999 -9999 -9999 -9999 -9999 -9999 4.570584 5.336383 5.653573 4.549392 4.954738 5.99578 8.232225 8.311225 8.925562 9.034447 8.951668 8.798315 8.05939 7.950772 7.960197 5.921111 7.789995 8.187853 7.820765 7.195872 6.657789 6.283728 7.541083 8.542431 8.439778 6.657789 8.628813 8.871426 8.144452 8.484521 9.574038 8.725693 6.278906 14.24243 23.14228 25.60717 21.72501 30.25691 39.53773 39.32732 37.58576 39.89879 43.91453 45.75409 46.67188 44.9327 45.50795 46.16171 48.81781
-9999 -9999 -9999 -9999 -9999 -9999 -9999 -9999 -9999 -9999 -9999 -9999 -9999 -9999 -9999 -9999 -9999 -9999 -9999 5.715024 2.530493 4.318725 5.545037 5.329728 5.967891 7.046288 9.020706 9.039936 8.967735 8.517914 7.792564 8.248573 8.05753 7.873673 7.850771 6.761372 7.784854 8.391815 7.910425 7.408267 6.561733 5.643713 6.35798 8.423822 8.463358 7.18819 8.129726 8.441549 7.576221 7.547062 8.587187 8.042637 8.079817 19.89565 27.24847 25.55132 24.07231 36.7368 40.97734 36.93584 37.81353 40.50308 40.17288 37.20255 35.85836 34.31425 38.33007 42.37054 38.46986
-9999 -9999 -9999 -9999 -9999 -9999 -9999 -9999 -9999 -9999 -9999 -9999 -9999 -9999 -9999 -9999 -9999 -9999 -9999 6.194717 3.786942 2.918995 3.943897 5.28674 6.857466 8.658745 9.338166 10.07397 8.102039 6.374623 5.260775 6.73077 7.260479 6.036107 5.214287 4.548274 4.440741 7.097459 8.293805 8.391815 7.820765 6.101055 6.315775 8.126655 7.388604 6.816982 7.238317 7.278434 6.539418 8.012138 8.055051 6.048653 9.592597 22.66492 29.2124 28.23113 28.31415 32.93737 28.11201 19.12436 21.06035 21.9177 20.60119 16.39048 10.50925 6.850124 6.598496 3.576334 12.90683
-9999 -9999 -9999 -9999 -9999 -9999 -9999 -9999 -9999 -9999 -9999 -9999 -9999 -9999 -9999 -9999 -9999 -9999 -9999 6.031919 1.648355 3.33864 6.108503 6.628211 6.922455 8.247968 8.943345 8.950559 8.614962 7.039865 5.906574 5.076214 4.718376 5.332582 5.607708 6.022696 5.933907 4.653281 5.336383 6.615275 8.784747 10.26209 9.682782 8.126655 4.576145 4.16874 4.610467 4.602739 5.002675 5.438008 1.791341 6.759882 19.17337 29.65668 34.39227 30.68684 20.2885 29.27862 31.49331 21.97943 18.6902 19.12137 21.08523 19.23983 12.52671 15.46102 19.26747 23.08426 24.63611
-9999 -9999 -9999 -9999 -9999 -9999 -9999 -9999 -9999 -9999 -9999 -9999 -9999 -9999 -9999 -9999 -9999 -9999 -9999 4.448755 1.542363 2.087132 7.019842 7.618427 6.842773 7.480347 9.060765 3.837768 4.745231 6.129144 6.628972 5.778431 6.075328 6.872858 5.155576 4.36095 7.298407 5.957716 2.58648 2.499982 4.071059 6.715039 6.291756 3.318698 3.018843 5.060189 3.483809 1.747918 1.460445 2.437808 10.45592 21.48367 31.09282 34.27124 37.08577 31.82413 21.26948 15.64995 23.30929 20.06701 15.51143 15.32166 18.0074 17.75913 14.53351 19.27751 20.45735 18.36843 11.28623
-9999 -9999 -9999 -9999 -9999 -9999 -9999 -9999 -9999 -9999 -9999 -9999 -9999 -9999 -9999 -9999 -9999 -9999 5.461256 6.474332 7.974626 9.739705 8.943345 6.468098 5.792425 6.814767 9.966364 4.951663 1.505372 4.326968 4.465878 5.607708 7.281192 7.779066 4.97111 1.495124 6.101055 6.361947 3.964521 4.224563 4.629179 0.7161599 3.008668 3.610414 5.067206 3.979918 1.921039 2.560639 2.941671 9.84648 23.50437 35.4126 39.30291 37.52319 36.21434 28.80542 21.95213 22.68499 23.16069 24.43453 23.96419 22.72377 15.13489 5.960262 13.56361 17.44015 15.30493 14.06923 12.37204
-9999 -9999 -9999 -9999 -9999 -9999 -9999 -9999 -9999 -9999 -9999 -9999 -9999 -9999 -9999 -9999 -9999 -9999 7.474312 7.387925 7.388604 8.055671 7.018409 4.842752 4.000353 4.860554 7.547062 5.368589 2.499982 5.218177 5.493635 4.000353 4.26654 5.049142 2.876658 3.655354 5.084207 5.378023 3.400764 4.852185 4.18581 0.7910154 3.851031 3.295536 2.361028 2.087132 3.239265 3.56347 6.283728 15.08761 34.23163 42.27381 39.70755 34.99271 30.40328 22.82077 15.71822 17.39754 24.18285 27.60684 20.06766 9.796271 2.220254 8.344754 15.34777 13.91191 12.07722 11.93343 13.95576
-9999 -9999 -9999 -9999 -9999 -9999 -9999 -9999 -9999 -9999 -9999 -9999 -9999 -9999 -9999 -9999 -9999 -9999 5.199673 4.702188 4.576145 4.124518 2.876658 2.371841 3.34017 4.830145 7.054844 6.606129 5.167373 5.841132 5.978048 4.037126 3.666502 4.714065 1.794198 3.037407 2.673991 5.640123 4.658741 4.920796 2.024868 3.352377 4.95986 2.749428 0.3651854 1.921039 1.58173 4.094768 8.409613 18.13436 38.98643 42.24374 28.60621 21.19139 17.57154 13.31159 10.92392 11.39779 16.84439 15.59502 3.848382 7.458867 9.327558 12.17559 13.03674 8.079817 5.990719 5.570556 7.647957
-9999 -9999 -9999 -9999 -9999 -9999 -9999 -9999 -9999 -9999 -9999 -9999 -9999 -9999 -9999 -9999 -9999 -9999 3.823125 4.576145 5.99578 4.379583 3.587731 3.665111 3.778853 4.681602 8.51499 9.020706 7.547062 7.088248 6.461858 4.77619 4.045951 3.943897 1.505372 2.220254 0.7373295 6.560196 5.675916 3.226626 1.632739 5.99578 6.389643 5.426813 4.710829 3.518794 2.077296 5.531316 10.21793 16.87901 39.81994 44.02202 25.11757 12.13706 10.30794 9.989562 10.80243 10.82549 14.82201 12.09281 11.13148 12.44617 11.21871 11.77163 11.6873 8.702294 6.755412 5.406226 4.433861
-9999 -9999 -9999 -9999 -9999 -9999 -9999 -9999 -9999 -9999 -9999 -9999 -9999 -9999 -9999 -9999 -9999 5.792425 5.240488 6.055333 6.255548 3.906236 4.156504 5.885129 6.600787 6.15792 9.365687 9.560092 6.08447 5.87825 5.545037 4.658741 4.071059 2.941671 1.215245 1.768315 1.095438 7.462227 5.824653 0.9554377 2.538567 6.138203 5.147696 4.125753 6.29817 7.388604 7.68975 11.16297 15.22923 19.98984 36.33327 39.47018 26.72754 24.26509 25.19878 25.67311 25.22353 23.23569 22.83595 14.59645 14.57841 13.70721 10.86516 9.854988 10.80877 8.363851 6.91664 6.703029 5.368589
-9999 -9999 -9999 -9999 -9999 -9999 -9999 -9999 -9999 -9999 -9999 -9999 -9999 -9999 -9999 -9999 -9999 8.568617 5.775803 7.054844 7.369567 5.553253 4.468155 4.803774 5.978048 6.950735 8.395378 8.856294 5.438008 5.255952 4.858463 3.710756 2.504071 2.185395 2.050002 2.431503 1.921039 8.499184 4.984372 1.944885 2.283896 4.503315 5.076214 3.955511 6.147248 12.38333 21.24389 28.47396 32.32386 33.48075 31.63329 25.6716 17.66144 17.06151 17.22027 17.40612 17.75533 17.44015 19.74639 11.63279 15.91568 14.57422 15.68132 14.75162 12.72875 7.927473 5.520315 6.021017 6.220747
-9999 -9999 -9999 -9999 -9999 -9999 -9999 -9999 -9999 -9999 -9999 -9999 -9999 -9999 -9999 -9999 -9999 9.794257 5.661627 5.809868 5.561456 5.509291 5.498244 4.658741 5.353458 5.948374 7.891438 8.909971 7.15457 6.274886 4.525851 2.934713 1.296867 2.185395 2.128428 3.15134 3.15134 8.809041 3.018843 4.247403 3.363021 3.463236 6.48056 12.27151 17.4474 25.59395 33.6666 36.85308 37.91722 37.401 34.21543 28.6885 23.29667 22.0413 23.12155 23.52305 24.47613 22.73831 9.551818 11.37899 16.54754 16.89548 20.3049 20.99929 16.77596 11.2983 7.618427 6.748701 6.60384
-9999 -9999 -9999 -9999 -9999 -9999 -9999 -9999 -9999 -9999 -9999 -9999 -9999 -9999 -9999 -9999 -9999 7.874944 5.739767 6.216687 4.341062 4.029545 5.895432 6.957244 6.664595 6.773275 8.25764 9.633703 8.951668 7.391998 5.084207 3.610414 1.861458 4.089788 3.618883 4.452185 3.04245 7.455504 1.219456 5.378966 4.433861 6.15792 15.32591 25.36522 28.83589 32.13854 33.17825 29.6391 28.66078 28.39534 26.44457 25.46191 26.55087 28.68396 27.9481 22.93423 17.04577 7.525115 7.843759 12.94574 11.61275 11.84057 12.66257 13.3141 12.44965 11.05056 8.439778 8.905511 10.66705
-9999 -9999 -9999 -9999 -9999 -9999 -9999 -9999 -9999 -9999 -9999 -9999 -9999 -9999 -9999 -9999 6.13738 4.666374 5.000645 7.204243 6.13491 5.2308 5.049142 5.661627 6.405413 7.026284 8.582548 9.558541 8.395378 6.226426 4.745231 4.750584 3.587731 6.254741 4.8006 5.62664 3.511534 6.144783 1.623297 5.936462 7.017693 13.7818 25.1412 31.01152 29.02201 27.20802 23.8328 18.62284 20.36988 20.46072 17.20762 17.24266 17.11047 15.03146 9.870982 5.291534 2.295075 9.888942 12.85326 11.51828 9.931208 7.060541 4.250998 2.034959 6.129144 6.832469 5.650885 7.264627 9.117512
-9999 -9999 -9999 -9999 -9999 -9999 -9999 -9999 -9999 -9999 -9999 -9999 -9999 -9999 -9999 -9999 6.647187 7.11443 5.42868 6.418001 6.989695 5.895432 3.876103 4.38887 5.658049 6.781446 8.493908 8.559897 6.592384 4.295084 4.637958 5.299195 4.8006 6.255548 4.2137 5.341132 5.295366 5.553253 1.518928 8.874225 15.85311 25.89802 30.42778 28.17122 20.31915 13.62377 11.90704 10.81601 16.10879 15.88807 9.85899 8.13832 6.450141 5.648197 5.060189 7.396747 7.990279 8.395378 9.066785 10.42161 9.034447 4.613775 0.8165352 3.56347 4.896997 3.15134 4.938311 3.890544 0.9337243
-9999 -9999 -9999 -9999 -9999 -9999 -9999 -9999 -9999 -9999 -9999 -9999 -9999 -9999 -9999 -9999 6.313377 6.673659 6.989695 5.725641 6.63429 5.473305 4.582808 5.027983 5.456614 6.16202 7.223734 6.695511 5.568737 3.492588 4.803774 6.000835 5.816831 7.192382 5.754737 6.16038 6.816982 4.289153 11.05056 25.68476 30.18979 29.99655 23.69519 15.97738 9.736157 10.39946 13.90101 15.18875 19.46627 16.62512 7.893973 7.054132 7.115137 7.170701 8.204903 12.43378 11.5759 8.403685 7.657773 9.086457 6.257968 3.979918 3.293986 4.36445 4.02575 4.991498 4.736655 6.855998 6.095255
-9999 -9999 -9999 -9999 -9999 -9999 -9999 -9999 -9999 -9999 -9999 -9999 -9999 -9999 -9999 -9999 7.054132 6.09857 5.253056 5.824653 7.651885 6.681956 5.554165 5.568737 5.515724 6.389643 7.675411 8.352518 7.730659 5.661627 5.501929 7.18819 8.129112 9.644974 9.256682 9.298318 7.853956 7.309402 23.85839 29.03237 21.5346 15.13982 9.491599 12.28878 16.13166 16.78031 17.01451 17.53733 21.88089 17.66348 11.1887 13.99438 13.77802 10.30794 8.042016 10.31984 8.111279 7.160185 7.605923 8.984877 5.276177 3.72995 3.808426 5.121009 6.036107 6.13491 7.075474 12.06721 8.828762
-9999 -9999 -9999 -9999 -9999 -9999 -9999 -9999 -9999 -9999 -9999 -9999 -9999 -9999 -9999 3.762623 7.426524 7.616454 3.480877 5.272331 7.751352 8.025846 8.588925 9.177664 9.470738 9.280727 9.143575 10.22322 9.583322 7.860959 6.492997 6.715039 7.264627 8.226768 8.075489 8.92278 8.628813 13.9639 26.92154 24.62805 13.81755 13.90919 15.3814 17.8926 20.65639 21.67607 21.54068 19.9548 21.53146 16.27117 17.11871 20.46451 21.52203 18.18365 13.34415 8.23889 6.574011 8.042016 10.61735 9.545608 5.024953 4.124518 3.965806 4.205231 4.576145 3.964521 9.003086 15.39802 10.17696
-9999 -9999 -9999 -9999 -9999 -9999 -9999 -9999 -9999 -9999 -9999 -9999 -9999 -9999 -9999 7.204243 8.85405 7.099583 3.232952 4.045951 5.495479 5.960262 6.483672 8.362062 9.409436 8.206727 7.256329 8.959429 7.264627 5.712366 5.213315 4.289153 4.430416 5.353458 5.453828 6.278906 10.63394 17.96749 27.83062 26.18847 19.87551 20.6387 19.84855 19.46267 20.95797 24.68861 29.00559 25.95106 22.39647 17.77433 20.81749 22.66966 25.26066 22.41949 15.84582 7.032006 7.421119 8.209767 9.350349 8.055051 6.13491 6.048653 6.739741 6.658545 5.033029 4.029545 11.45566 14.45039 9.522798
-9999 -9999 -9999 -9999 -9999 -9999 -9999 -9999 -9999 -9999 -9999 -9999 -9999 -9999 -9999 6.899162 6.949288 6.022696 4.835402 3.81244 3.574907 5.360083 7.549054 7.58085 5.834199 4.512343 5.510211 8.735944 7.691703 5.272331 6.29817 5.944123 5.747697 6.167755 6.567108 6.129144 8.896026 15.54971 26.4973 30.1157 29.05455 27.06235 22.55537 19.11791 19.13104 23.7321 33.75602 33.04902 30.24545 30.9022 30.35634 26.13429 24.88023 21.16909 15.80489 5.555988 7.776493 7.595376 6.492997 5.685719 6.406201 6.994729 7.237623 7.632223 6.822149 8.419089 12.20252 10.93509 8.665062
