slides/data/slope100m_cl.txt
ncols         169
nrows         382
xllcorner     813515.0021541
yllcorner     1119250.21741
cellsize      100
NODATA_value  -9999
[rows 330 to 359 of 382, columns 0 to 68 of 169]
-9999 -9999 -9999 -9999 -9999 -9999 -9999 -9999 10.75251 17.30461 18.01661 13.77802 11.75556 11.08406 12.46047 12.90572 12.97935 12.88045 12.47591 13.10042 14.80207 14.88666 18.90891 20.36437 10.45686 16.31829 22.96203 24.82341 22.89381 22.16845 17.82186 18.51724 8.865264 5.523984 2.084677 4.156504 4.880372 4.618181 6.730021 4.357447 4.830145 6.822886 7.97588 10.41831 11.66861 14.09173 15.86594 16.7814 18.00267 19.87376 22.17221 24.7005 23.93557 18.97332 14.22518 12.36152 10.98188 15.20134 19.36369 18.55277 16.41287 14.51862 16.19975 15.84961 17.13383 28.52147 33.37352 35.22594 37.74115
-9999 -9999 -9999 -9999 -9999 -9999 -9999 13.88054 14.37294 17.60311 18.57768 11.69021 11.96905 12.87338 13.26563 12.19935 13.81343 14.58002 13.20902 13.35558 16.66443 14.85895 15.60097 21.93837 22.15714 13.61958 20.71304 29.01411 28.77201 19.33555 17.27629 26.07433 15.85894 4.29034 3.906236 7.310088 7.075474 6.683464 7.088957 4.766604 6.095255 6.13738 10.64545 14.17364 17.48779 20.28829 21.13589 21.98725 23.51043 24.77455 22.13317 16.88252 13.99066 12.212 9.37361 7.891438 7.761676 17.42483 20.8924 17.26763 16.70855 18.30247 20.83086 27.55783 36.26496 41.19548 40.67163 39.92102 39.95409
-9999 -9999 -9999 -9999 -9999 -9999 -9999 14.72106 15.37686 14.79447 15.85194 10.47232 12.00617 14.12356 13.46465 12.28329 13.57237 13.52567 12.54704 13.07704 17.59208 17.09745 15.53567 19.63239 26.63723 29.69831 26.73562 26.58008 28.65132 18.77992 9.652651 25.34995 17.47926 8.164043 6.852327 6.467319 5.885129 6.457954 6.194717 4.613775 6.455612 7.165094 14.42692 18.24257 21.27147 19.79469 16.25533 15.37655 17.4308 18.55756 16.8855 13.39513 12.50364 10.51718 5.747697 4.126987 5.906574 15.60811 20.86453 26.53365 35.16686 36.81909 36.61959 40.00806 41.94252 38.21089 31.48641 23.22495 19.57015
-9999 -9999 -9999 -9999 -9999 -9999 -9999 16.41734 15.13952 13.22202 12.69136 11.93302 11.58051 12.08801 13.33843 17.87929 21.17532 20.34379 19.04093 18.05092 21.09554 22.77262 20.34464 21.00071 24.29247 28.14912 26.45366 21.62385 23.50004 14.46342 12.9413 19.35031 12.23253 11.49505 7.632223 5.76089 7.179101 7.434623 7.075474 5.225949 6.410923 13.11027 22.96865 24.72186 24.31552 19.93845 14.46147 14.0934 18.49439 20.02349 19.34826 15.34534 15.4282 12.3342 4.736655 4.037126 6.600787 11.24127 17.13595 39.99635 44.66717 33.89882 32.59481 34.90751 33.348 23.97327 13.52145 12.07722 21.25649
-9999 -9999 -9999 -9999 -9999 -9999 -9999 18.70065 18.93134 20.24241 20.90958 20.42065 19.32737 17.57 17.69688 21.20704 20.88318 19.82043 19.14003 16.80614 20.10243 23.74131 19.10845 18.93017 17.21922 13.78352 13.51336 15.29762 16.37029 7.632223 10.48496 14.38769 6.950735 5.453828 6.5855 8.423822 9.487952 9.030052 10.00778 9.474393 9.592597 17.40612 26.18539 23.87176 18.96284 15.77557 12.74458 19.06316 22.76283 20.77588 20.12571 15.00313 17.16667 15.11359 8.401312 8.587766 7.412328 7.10595 14.98161 41.45666 50.64948 35.3453 19.30144 22.01392 20.68381 14.80207 16.24627 21.76007 26.42479
-9999 -9999 -9999 -9999 -9999 -9999 16.09734 17.83422 18.17504 21.37992 21.51515 19.76538 20.26014 18.79407 17.35794 17.09745 12.85549 9.764496 9.788212 8.154254 15.70525 21.8588 12.7803 11.11526 10.79066 9.887446 8.883176 10.02695 9.388906 4.176064 6.959413 14.97848 9.617283 2.941671 3.807087 6.942771 6.60384 6.255548 6.816982 8.94612 9.787204 15.44658 26.33904 18.33634 11.20089 12.2479 16.51456 26.17366 24.56062 20.50342 21.6221 16.46562 16.00625 16.07527 13.13467 12.67508 8.441549 11.31208 16.73643 30.64316 52.27987 49.79054 27.74979 26.22888 23.14989 22.92616 23.08835 25.82984 24.60592
-9999 -9999 -9999 -9999 -9999 -9999 15.74913 13.90919 12.40276 12.55011 11.58596 9.613688 13.67842 12.98009 13.74042 13.5608 10.04902 6.424285 6.48989 7.9558 12.33616 22.21454 14.4748 10.67943 10.08959 10.31223 8.822569 8.984877 8.67539 5.614026 5.269444 14.15597 13.38695 5.781932 3.350853 4.602739 3.807087 4.99048 5.658049 5.461256 7.054844 10.2984 23.58862 16.48093 7.359348 7.410297 21.88799 23.80956 16.05805 15.66861 22.47077 20.7864 13.29402 13.80828 16.84087 13.46536 12.54474 12.63218 15.49435 17.33914 43.92167 49.44738 37.17446 29.42412 22.14487 23.83399 27.35802 25.3851 21.69687
-9999 -9999 -9999 -9999 -9999 -9999 15.29854 12.87338 11.59015 12.47591 10.44042 12.76527 16.17017 15.62444 15.17646 14.87155 11.83239 7.902204 6.240195 8.154254 10.67943 22.92688 18.43457 7.761676 7.623686 9.684821 11.31682 10.76388 9.800801 7.547062 6.457954 11.86794 14.44485 8.790403 5.650885 5.150652 4.448755 4.830145 5.249192 4.037126 4.486337 6.592384 16.34446 16.71293 6.245856 8.972715 21.61546 14.42692 4.887652 8.741065 19.5045 22.63129 11.16472 11.75556 19.08628 16.16789 16.18639 14.63406 15.89854 20.56651 37.354 44.35336 43.66968 38.62572 27.35979 23.23904 21.37298 13.70998 26.54355
-9999 -9999 -9999 -9999 -9999 -9999 12.94574 12.30643 12.42371 14.29797 11.97834 14.295 16.07183 16.64053 16.32983 15.26225 13.38695 12.44617 10.97076 11.70223 14.72425 21.76007 17.22475 4.701107 5.699946 6.942771 9.886949 11.04173 9.117512 7.850771 8.012138 10.48496 15.48505 14.72425 11.80492 10.40323 7.910425 5.302065 4.520227 4.842752 6.56634 8.595877 10.56878 9.525393 6.855264 13.32556 20.09358 11.66404 2.538567 7.844397 17.61618 19.50652 8.582548 11.62361 18.75181 17.23108 14.81473 16.0293 17.22791 21.90793 33.55928 42.80113 46.27421 44.2654 30.112 10.89974 9.294057 24.50363 28.13116
-9999 -9999 -9999 -9999 -9999 -9999 11.17563 12.65498 15.08761 16.22133 13.93946 13.13503 13.92416 14.18697 14.45039 11.90419 11.2776 12.34904 13.70028 14.53707 14.69649 16.37366 14.63502 8.371 8.451577 7.942594 8.332796 8.943345 7.559668 7.353892 9.156577 11.71921 16.76288 20.46304 19.79469 16.98022 12.81066 8.401312 7.406912 6.942771 8.790403 9.780649 10.35784 8.951668 5.757375 10.18903 17.12746 16.71293 12.97935 13.89146 17.22818 11.70058 7.774562 11.78315 15.76148 14.66836 12.95018 14.28179 14.92184 17.62693 25.08796 35.7366 42.52297 45.78907 34.86319 17.15265 25.30668 30.9274 27.86255
-9999 -9999 -9999 -9999 -9999 11.63405 13.0033 12.76264 15.40799 16.82704 14.82201 13.89862 13.87952 12.42332 12.85251 9.338166 7.458867 8.468066 10.2817 12.81665 12.78968 11.78274 14.12356 11.69228 11.37942 10.65235 8.178704 6.457954 6.91373 8.927787 11.95287 13.70721 14.9052 18.23669 20.29106 20.06636 19.51168 16.06753 12.54512 10.52696 9.003086 8.901607 9.271651 8.887648 8.874225 6.606129 7.298407 11.93018 12.84766 11.65738 9.177124 5.534979 10.76615 10.75478 13.12885 13.18441 14.17698 13.99742 14.2119 19.32146 20.4927 28.57518 39.89028 49.23699 42.23277 23.45791 28.29869 27.71137 21.194
-9999 -9999 -9999 -9999 -9999 12.04476 14.72106 15.60811 13.63179 11.71259 11.44845 11.9739 11.12447 9.325435 9.778632 7.909161 5.121009 6.272472 9.179824 11.58345 11.23433 10.26927 13.96594 14.7424 11.61609 11.33143 9.256682 7.834187 8.508554 10.61504 12.51864 13.36093 14.03692 15.18384 17.02493 19.22542 22.24458 23.08746 21.20704 18.9082 14.77544 10.85796 12.50711 10.94268 8.55408 7.829076 6.194717 4.558327 2.996754 9.851486 20.02804 24.04957 22.93621 19.99179 18.20061 15.75002 17.70325 20.81749 21.52753 20.91694 25.01061 37.40188 40.22313 45.68008 44.85215 27.9228 23.38883 19.67241 17.30356
-9999 -9999 -9999 -9999 -9999 11.94842 14.49559 15.32166 12.86965 8.349533 8.757544 9.066785 8.034557 7.426524 7.860959 8.090319 8.012762 10.49104 12.27033 11.7188 11.40973 11.96905 15.60811 18.16075 11.96541 10.88269 10.20494 10.20397 10.44747 11.22392 12.08122 13.49185 14.58453 14.37294 15.3171 17.07536 18.91943 20.90692 21.39518 20.43775 18.02433 18.12967 23.86651 22.11011 18.92317 18.79502 20.74925 21.86649 24.03367 30.9296 32.89264 31.89428 28.6638 24.42375 20.43416 15.60811 16.89764 20.43669 20.17044 16.46339 31.15421 43.46069 38.39697 36.49597 44.64406 37.20389 25.9873 22.99066 21.46534
-9999 -9999 -9999 -9999 -9999 9.139236 12.36581 13.21913 12.04837 8.865264 7.136994 7.613165 8.356695 9.778632 10.42349 10.61966 11.54229 13.58463 13.48479 11.91922 12.062 12.0992 14.95348 16.9703 9.339756 9.485346 10.02499 9.46029 8.672523 9.208389 10.7616 12.95609 15.455 18.45052 20.59785 21.37278 21.6377 21.88031 21.70949 21.37754 21.17633 21.76374 25.68294 22.76682 21.36306 19.44644 19.97396 22.94428 27.87565 32.26617 28.76988 27.59393 24.6077 23.34343 19.23983 10.85976 11.44037 12.30799 13.34415 18.03651 34.67873 43.28515 38.4206 33.79347 42.70511 41.03755 28.91047 23.16971 22.6567
-9999 -9999 -9999 -9999 11.58596 10.04706 12.43533 12.18035 11.96258 9.669517 5.412785 7.173502 10.34978 9.477002 11.41655 12.42371 12.31269 11.97713 9.994491 10.26209 10.99388 11.03863 13.614 14.53804 9.988083 12.82338 15.27293 14.96536 14.85106 16.84764 17.83801 17.63154 17.68975 18.26118 18.30125 17.75735 17.60003 18.01064 18.4036 19.02516 19.70546 18.04521 16.72769 9.449828 9.470738 7.830993 7.331339 10.51532 17.13383 21.99926 18.98728 19.40354 20.45567 25.46819 20.70144 10.39662 10.55254 10.75251 10.52696 18.91382 34.73533 40.25962 39.04001 40.85199 48.41198 48.87091 36.72355 26.50334 22.57686
-9999 -9999 -9999 -9999 13.53025 11.88099 12.38294 12.32365 10.96854 8.588925 5.490867 7.445408 11.85079 11.25815 12.19579 14.15196 14.13359 14.15196 14.09575 14.91839 16.22133 18.56355 20.27998 18.72602 15.8872 15.82858 17.29203 19.17038 19.94085 20.47125 19.26747 16.97701 14.74335 12.01261 9.053645 7.410297 7.72094 8.517914 9.280727 11.07041 12.6546 12.42371 10.45592 6.70378 6.452486 7.039865 5.214287 8.160986 14.64272 18.31174 13.05178 2.429397 15.19888 23.98386 20.06355 11.64863 10.65281 10.35025 10.87955 19.30144 34.32526 39.74426 38.46323 41.18222 49.46489 52.75024 42.26275 29.46861 22.2044
-9999 -9999 -9999 -9999 14.91023 13.33736 13.36557 13.09129 11.36916 11.75556 11.46754 12.06721 13.66417 12.75926 13.66452 13.33557 13.27498 14.93281 16.30025 17.26894 19.06455 20.40565 19.12505 16.79147 14.28444 12.43881 12.65612 15.34383 16.80614 15.30706 12.77692 11.15074 9.628062 8.328008 7.72094 7.927473 8.382306 8.42264 8.102039 8.774556 9.657253 9.648046 7.84057 7.14192 6.739741 7.610532 6.775505 6.274886 11.07746 16.0615 17.21131 11.39565 11.98359 19.1013 15.17123 9.966364 11.33615 12.36581 13.17136 17.18042 29.73581 38.62189 40.68835 39.91441 48.11349 52.94698 45.11809 37.63971 34.13285
-9999 -9999 -9999 -9999 20.35589 19.02353 18.58988 13.53658 10.64913 15.13489 16.62127 17.14867 15.89127 13.54992 13.56606 11.7188 9.280727 10.36684 12.02588 13.42391 14.47058 13.55098 11.23607 9.374665 8.241311 7.741013 8.318421 10.26639 12.06881 12.36737 10.94581 9.760453 8.463358 7.071922 6.755412 7.223039 7.623686 7.939446 7.776493 7.788067 7.830993 7.099583 6.855264 7.298407 6.15792 6.361947 6.380161 5.3865 5.799408 10.04314 11.86713 9.516047 9.796271 13.92859 8.808476 6.135733 5.607708 3.828456 3.337111 7.553036 18.01736 27.09289 33.44162 36.71406 48.19783 51.76626 43.62727 37.98745 28.82191
-9999 -9999 -9999 20.57111 17.90666 16.59839 15.53656 13.11209 9.468127 12.60171 11.12447 13.04775 16.43494 16.70609 13.82201 10.52696 9.972292 10.52277 12.22622 13.91838 13.36236 12.7938 11.99166 9.121318 6.331736 5.438008 6.155459 7.407589 7.160185 7.788067 8.204903 7.406912 6.816982 6.715789 6.414856 6.468878 6.694758 7.120078 7.641405 7.293591 7.037723 6.504634 6.406201 5.554165 4.301007 4.318725 4.044691 3.790979 3.864247 6.822149 7.019842 3.044129 6.267641 10.54557 9.341876 14.52315 23.62096 25.84542 22.85634 14.40045 2.88021 6.890405 11.38925 21.55912 44.50695 49.58886 41.67071 36.77558 30.02166
-9999 -9999 -9999 6.16038 6.766582 9.852987 9.365158 11.45099 10.34218 11.8814 11.07482 16.02354 17.28495 15.55568 13.59723 9.915318 10.13483 12.15178 14.17698 15.24544 13.6923 11.97713 9.468127 7.345016 6.351628 6.925361 6.773275 7.198664 7.797699 7.519783 7.830993 8.154254 7.458867 7.175602 8.055051 9.082089 9.021256 8.41376 8.034557 7.165795 6.34845 6.176755 6.914457 5.131899 3.949063 3.709381 4.16874 5.332582 6.455612 5.567827 3.283115 4.689197 12.46665 21.54068 28.57746 34.86033 36.94436 34.34375 32.93971 29.35775 20.73167 22.00078 21.62014 18.98519 33.32035 41.20451 39.60827 42.00226 40.37737
-9999 -9999 -9999 1.965839 4.803774 8.382901 7.309402 9.332333 10.89974 13.0591 13.76699 19.61858 19.04301 12.13149 11.93221 12.22622 9.836461 12.32991 15.11236 14.39292 11.85202 10.06908 5.781057 5.015851 6.450141 7.092501 6.370665 7.165094 8.643217 8.554662 8.151193 9.321187 10.01172 10.7616 11.86713 11.59225 10.24244 9.186299 7.759097 7.798341 8.126655 8.448629 8.531933 7.641405 6.228858 6.499206 7.709259 8.697149 7.278434 3.646971 3.691461 12.81291 26.45597 33.69061 34.60374 33.17192 27.41646 22.20007 27.07568 28.89108 27.49312 36.1388 40.35194 39.82349 31.96661 29.74006 34.5607 42.06707 43.26429
-9999 -9999 -9999 3.949063 6.367496 8.277552 7.767478 6.518571 7.618427 10.31937 12.49903 20.21846 19.68595 13.59688 13.77733 14.3713 12.8174 12.65688 16.27484 13.58358 10.67943 9.944592 6.228858 5.640123 6.201235 5.016864 4.570584 5.761768 7.641405 8.363851 7.950772 9.108806 11.74318 12.8771 12.40819 11.43187 10.35926 9.682782 7.406912 7.939446 10.16245 11.54986 10.31984 9.971798 8.536017 8.828762 9.955979 9.033897 6.16202 8.333394 16.0293 25.24156 32.55661 29.6115 23.84874 20.01503 13.18296 12.26404 22.2998 26.87494 32.6114 39.37484 39.47095 38.91597 33.47924 30.58747 39.66365 41.90947 38.97895
-9999 -9999 10.36305 8.635154 9.911343 11.06688 10.80243 8.809041 9.298318 10.94982 12.2982 19.42252 18.4469 12.6993 10.76615 8.838886 10.29268 13.10589 15.49705 13.33843 12.06721 10.16245 6.960857 6.492997 5.295366 4.04091 5.096173 6.08447 7.602629 8.927787 9.854988 10.73839 12.40936 12.4144 11.00276 10.88179 11.17999 10.89705 9.739705 11.10517 11.99771 11.04217 10.17551 10.91721 9.906369 8.90328 6.065339 7.254945 17.65199 22.68079 24.93922 26.66573 26.97038 18.54678 14.63374 14.25071 8.44627 10.79881 21.81105 31.97342 36.20264 33.09276 25.26066 26.63823 32.76625 37.73594 45.06761 40.43335 29.88825
-9999 -9999 14.81568 10.7616 9.516567 9.830443 9.705188 9.485346 11.11526 11.90216 12.02548 16.55502 18.34802 11.83443 6.580141 7.273604 9.931208 12.42797 12.75324 12.71857 12.28878 7.264627 5.240488 6.255548 6.101055 4.813285 6.418787 7.602629 9.158201 10.74022 11.81928 11.52544 9.60752 10.00778 10.2817 11.07173 12.37827 12.70951 14.5768 16.18639 14.30094 10.87955 9.911343 11.01118 11.43187 8.632849 10.2006 24.01624 28.61418 26.43072 21.69784 18.56164 18.45366 12.46973 13.59967 15.88458 10.94268 11.94599 15.56612 20.85468 21.43989 15.63068 10.06908 12.20766 19.01982 28.09636 34.41799 25.20968 17.55998
-9999 -9999 13.35165 5.854971 5.452899 8.894351 9.369913 8.752433 10.23908 11.66736 12.27504 13.10443 16.95983 13.66834 8.247968 10.63579 12.06721 12.45274 12.80429 12.94278 10.14986 4.648908 4.265347 5.238552 6.194717 6.420358 8.643217 9.641901 11.1468 13.73765 13.95814 11.31768 7.838655 7.271533 8.614962 10.83813 13.72798 13.84635 13.97712 13.36093 13.84635 15.62623 18.68806 22.60181 21.84649 16.37366 20.66969 24.82054 21.33465 14.70798 10.80922 12.21714 14.49559 12.88231 15.5261 15.03581 8.072395 7.876849 8.649547 6.91373 6.0853 5.961958 6.057836 8.568617 9.177124 18.69329 24.15096 18.0549 17.67369
-9999 -9999 12.20252 5.10811 6.095255 9.213769 8.64667 7.322435 8.743908 10.01024 10.56786 10.93509 14.39881 14.53189 10.82414 10.13531 9.578681 9.520202 10.13095 8.985982 5.389322 3.199601 4.609364 4.448755 3.591995 4.736655 8.745614 10.14065 11.73575 14.4748 13.50208 9.687369 8.414352 8.368618 8.6034 10.13483 14.59291 16.78031 14.17364 10.80922 11.16646 14.72584 19.64597 23.57208 25.63161 30.13924 20.37179 19.66842 21.8588 16.26325 9.508772 11.57213 14.36245 13.24943 14.28774 12.48516 7.295655 6.864067 7.84057 7.632223 6.855264 6.56634 6.994729 9.742743 10.26639 18.02035 19.79888 14.56551 18.28831
-9999 -9999 14.90928 7.333393 7.173502 7.391998 6.960857 6.676677 8.452167 8.461593 8.222522 9.447735 13.31517 14.70033 11.10868 7.942594 5.052157 5.267519 6.443882 5.063198 2.894374 3.591995 5.240488 3.876103 2.894374 4.474982 7.018409 8.010267 7.939446 9.302045 8.41139 3.72995 5.792425 6.08447 6.996885 7.623686 7.980891 10.50178 11.44165 10.26256 9.518125 10.18565 12.70913 8.296811 30.22103 35.72545 16.13794 14.19495 19.37026 19.02516 14.38769 13.84772 14.09676 10.73064 13.08691 11.98722 6.319769 5.360083 6.828785 8.752433 8.255223 7.547062 8.284177 9.928727 9.454537 16.63695 18.13412 12.6925 15.92207
-9999 18.49993 16.01547 7.990279 6.628211 6.351628 7.547062 7.927473 9.52695 9.306834 8.333394 8.458059 12.17916 12.92019 6.816982 6.11842 6.70378 5.936462 5.353458 3.56347 2.876658 4.26654 5.353458 4.069808 3.452903 4.243804 4.512343 5.974664 7.017693 8.941124 10.65924 9.619851 10.62058 10.85796 5.568737 6.101055 5.961958 5.520315 7.136994 8.452167 10.8485 12.18193 10.66338 6.406201 35.84314 34.64238 12.63066 12.0992 15.47814 17.837 18.20504 16.96171 13.61958 10.53022 13.80656 12.8028 5.781932 4.125753 6.822149 10.1081 9.388906 7.667577 8.368618 9.546125 8.566293 15.11205 18.14621 13.38695 13.67495
-9999 16.68007 14.9234 9.928727 8.822569 9.216457 11.02005 9.361987 8.126655 7.874309 7.130655 6.796276 11.61609 11.96379 6.361947 5.984809 7.803472 7.264627 5.607708 3.97351 3.363021 4.570584 5.885129 4.975194 3.870838 2.734508 2.247751 3.349329 4.916666 6.173484 6.781446 7.450795 10.02695 15.39863 11.97673 6.255548 9.485346 9.966364 9.121318 9.316405 13.99066 16.03707 12.4144 16.15421 36.78057 30.75554 12.87114 14.27155 14.7513 16.26325 18.76599 16.96224 13.85867 13.3727 14.61061 14.37983 9.177664 6.009253 10.90691 12.20687 9.034447 7.10595 8.85405 9.955979 6.950735 12.15336 17.05937 15.14414 13.80656
-9999 16.55502 15.77117 12.83123 12.49479 12.50095 11.30175 7.192382 5.754737 6.232099 5.42868 5.568737 10.8746 11.22913 6.09857 6.802199 8.261264 5.774051 5.25209 4.905288 2.612064 3.265959 5.851515 6.167755 5.5569 3.762623 1.861458 1.542363 3.337111 5.389322 5.456614 5.561456 7.626313 13.38695 16.35541 11.64863 7.788067 6.695511 6.955075 5.249192 11.10209 10.92615 12.011 23.75495 36.42598 26.71477 17.5484 19.92711 19.27295 17.73782 17.60439 15.59859 15.13952 17.31404 17.50974 15.66358 12.8028 10.97076 13.08873 9.107718 6.194717 7.952658 10.16148 8.956657 4.62808 9.321187 14.62475 13.80107 11.57255
