slides/data/slope100m_cl.txt
ncols         169
nrows         382
xllcorner     813515.0021541
yllcorner     1119250.21741
cellsize      100
NODATA_value  -9999
[rows 270 to 299 of 382, columns 69 to 137 of 169]
5.87911 7.873673 9.534728 5.867916 4.645626 4.207653 4.477256 8.047605 45.98742 51.56275 13.80553 25.19878 19.30121 23.49883 38.55135 35.79576 19.1759 13.28253 11.92896 12.42797 28.69366 27.31976 19.56679 18.71772 17.50974 25.7311 36.53682 28.23203 33.50267 38.60074 26.912 21.21065 21.18175 21.99316 20.54516 19.18485 21.84188 20.35143 20.95205 21.17934 23.51769 23.86313 20.26718 -9999 -9999 -9999 -9999 -9999 -9999 -9999 -9999 -9999 -9999 -9999 -9999 -9999 -9999 -9999 -9999 -9999 -9999 -9999 -9999 -9999 -9999 -9999 -9999 -9999 -9999
5.699946 8.720562 9.822916 6.055333 6.879444 6.194717 6.410923 8.17382 46.15346 49.91207 16.4207 27.93848 19.75875 26.44544 37.45617 35.37643 20.52755 14.40961 9.633703 9.926742 25.22088 27.60792 18.54438 14.86651 12.3736 14.22386 28.86631 29.57336 27.07304 36.18439 31.52845 23.6839 21.4304 23.54033 24.45543 24.07381 23.63247 19.72162 20.23643 20.53112 23.2459 25.24032 -9999 -9999 -9999 -9999 -9999 -9999 -9999 -9999 -9999 -9999 -9999 -9999 -9999 -9999 -9999 -9999 -9999 -9999 -9999 -9999 -9999 -9999 -9999 -9999 -9999 -9999 -9999
5.510211 9.034447 8.030826 6.574011 6.536334 7.657773 7.278434 7.632223 41.55714 48.69818 27.08012 28.96862 22.2998 33.89515 39.46603 34.19453 21.09796 14.51116 8.247968 8.847314 20.40311 28.65068 23.09315 15.64284 14.40961 14.45528 20.60724 24.34921 14.80999 33.06912 35.56046 26.38661 18.55972 21.19139 23.79392 25.21046 23.12155 19.59338 19.9463 20.33254 23.88072 25.89802 -9999 -9999 -9999 -9999 -9999 -9999 -9999 -9999 -9999 -9999 -9999 -9999 -9999 -9999 -9999 -9999 -9999 -9999 -9999 -9999 -9999 -9999 -9999 -9999 -9999 -9999 -9999
5.214287 7.612507 5.715024 6.781446 5.42868 7.315578 7.018409 8.247968 26.9515 41.78276 27.84454 22.47298 11.74855 33.40145 40.8892 36.93957 23.2986 14.03388 8.653572 7.256329 15.90639 27.75885 27.02604 17.30382 15.82887 19.47122 22.42783 29.11306 15.83355 32.32972 39.12509 29.92135 18.76599 20.82839 22.8585 23.29614 20.89915 19.14463 20.59826 22.33787 26.77286 29.09882 -9999 -9999 -9999 -9999 -9999 -9999 -9999 -9999 -9999 -9999 -9999 -9999 -9999 -9999 -9999 -9999 -9999 -9999 -9999 -9999 -9999 -9999 -9999 -9999 -9999 -9999 -9999
5.923672 6.954352 4.835402 6.005046 16.72659 22.70849 26.44804 28.49844 25.63282 28.48531 18.77166 12.18866 9.216457 27.54367 36.56954 38.6896 28.55793 15.4523 7.676063 5.214287 16.19065 27.06179 27.01378 20.61162 21.97218 22.99048 22.5075 31.82944 21.38785 28.87864 42.69154 34.94741 22.99424 23.02067 23.36894 23.63796 22.63257 21.53362 22.35724 24.25585 27.51801 29.94307 -9999 -9999 -9999 -9999 -9999 -9999 -9999 -9999 -9999 -9999 -9999 -9999 -9999 -9999 -9999 -9999 -9999 -9999 -9999 -9999 -9999 -9999 -9999 -9999 -9999 -9999 -9999
7.914849 11.17868 19.03838 29.56369 37.4939 42.22866 44.63038 44.12264 41.22771 36.65865 30.05322 26.2318 24.84094 27.63465 28.61784 30.96485 32.44225 18.88011 7.521117 5.564188 18.11658 26.30924 25.69624 23.55915 27.60429 27.28799 22.6472 33.67507 34.36661 26.79674 42.74675 39.65098 22.81372 23.59413 22.95683 28.43016 34.90682 36.23868 34.96668 34.65658 34.78931 35.17476 -9999 -9999 -9999 -9999 -9999 -9999 -9999 -9999 -9999 -9999 -9999 -9999 -9999 -9999 -9999 -9999 -9999 -9999 -9999 -9999 -9999 -9999 -9999 -9999 -9999 -9999 -9999
15.74913 31.89345 40.3441 46.33125 48.9599 48.45179 45.0669 42.26307 42.42402 39.83944 32.70802 31.43797 35.07489 35.28008 31.19137 26.33948 31.02563 17.31822 6.655519 6.313377 16.43187 24.12284 25.02384 28.05088 31.72197 31.06373 26.20956 37.05349 48.26952 48.77028 39.59079 39.14627 25.94526 33.14167 40.02607 42.10572 40.73838 39.48934 37.68841 36.0449 35.18087 -9999 -9999 -9999 -9999 -9999 -9999 -9999 -9999 -9999 -9999 -9999 -9999 -9999 -9999 -9999 -9999 -9999 -9999 -9999 -9999 -9999 -9999 -9999 -9999 -9999 -9999 -9999 -9999
36.78979 45.37332 45.7317 45.10818 43.25137 35.21443 24.66979 22.58696 27.1538 30.4001 30.38148 32.21194 35.0401 33.94822 29.96721 28.44397 25.20657 7.838655 6.707535 9.928727 15.88807 20.00721 21.51417 31.74051 36.41648 33.1747 26.33207 29.95555 39.88006 46.48587 40.81955 26.15898 32.56766 27.52342 36.1973 39.12668 34.56986 31.65245 29.8647 28.92834 29.34554 -9999 -9999 -9999 -9999 -9999 -9999 -9999 -9999 -9999 -9999 -9999 -9999 -9999 -9999 -9999 -9999 -9999 -9999 -9999 -9999 -9999 -9999 -9999 -9999 -9999 -9999 -9999 -9999
48.39849 48.7789 40.08347 27.16914 17.59824 5.923672 12.74872 15.55926 15.46823 6.857466 10.39474 3.032355 5.761768 4.232992 9.336576 11.31079 8.941124 13.0125 13.82442 11.6528 18.15139 23.75563 21.44324 30.32045 37.72139 33.75444 30.08136 30.61293 28.34464 27.28744 37.5102 31.77094 28.4797 29.35872 28.54587 21.77553 27.26193 31.59954 30.09177 29.84558 31.25142 -9999 -9999 -9999 -9999 -9999 -9999 -9999 -9999 -9999 -9999 -9999 -9999 -9999 -9999 -9999 -9999 -9999 -9999 -9999 -9999 -9999 -9999 -9999 -9999 -9999 -9999 -9999 -9999
49.01613 37.08577 12.45583 12.0992 24.77455 29.20898 29.39857 31.57514 35.76379 34.9592 28.79491 24.85924 22.69884 18.05415 16.10736 16.32673 18.45752 18.85759 15.93599 12.46047 15.27568 22.62525 20.28829 27.57441 32.67393 31.72291 33.18764 33.78044 30.74153 23.81635 29.03126 37.93974 39.03161 34.83418 32.15151 30.08796 26.5111 28.84936 29.84851 31.04311 33.69506 -9999 -9999 -9999 -9999 -9999 -9999 -9999 -9999 -9999 -9999 -9999 -9999 -9999 -9999 -9999 -9999 -9999 -9999 -9999 -9999 -9999 -9999 -9999 -9999 -9999 -9999 -9999 -9999
44.72637 15.27476 15.61197 17.77433 19.65753 20.10674 17.4865 19.05228 27.01852 34.47896 30.71003 18.12448 14.81347 12.61124 10.09007 10.67255 14.64946 14.57422 14.68243 15.95424 11.2148 16.5741 23.3191 25.61931 26.79279 28.22103 34.16674 36.68124 34.5821 28.90749 12.43881 21.85572 33.9804 38.74759 39.14528 36.85782 29.00275 22.46799 26.21322 27.99425 31.25779 -9999 -9999 -9999 -9999 -9999 -9999 -9999 -9999 -9999 -9999 -9999 -9999 -9999 -9999 -9999 -9999 -9999 -9999 -9999 -9999 -9999 -9999 -9999 -9999 -9999 -9999 -9999 -9999
16.56995 15.38986 18.07202 8.70458 4.855325 3.314079 3.138344 3.423207 4.688113 10.50785 16.65674 19.12137 18.36163 15.78173 10.52324 14.28212 18.24061 19.99418 20.55186 19.7444 17.83498 7.751997 17.79837 30.38284 31.72668 29.52328 32.19077 36.36902 36.63169 34.81849 27.99425 20.15411 20.47125 21.83263 24.87149 27.1019 19.44824 14.22518 20.36246 21.69959 -9999 -9999 -9999 -9999 -9999 -9999 -9999 -9999 -9999 -9999 -9999 -9999 -9999 -9999 -9999 -9999 -9999 -9999 -9999 -9999 -9999 -9999 -9999 -9999 -9999 -9999 -9999 -9999 -9999
24.52103 21.46534 11.51153 6.443882 4.301007 3.077518 2.94688 2.700635 3.533268 5.661627 12.31465 17.39234 17.12003 15.6191 9.812368 18.96214 22.92454 25.2075 25.42263 23.33381 23.73943 23.72783 11.80123 16.77187 31.27297 36.15918 35.75692 37.68805 39.63412 38.88749 36.68565 34.35956 38.36626 41.78828 39.36115 32.18568 17.65608 3.713504 17.29911 21.82686 -9999 -9999 -9999 -9999 -9999 -9999 -9999 -9999 -9999 -9999 -9999 -9999 -9999 -9999 -9999 -9999 -9999 -9999 -9999 -9999 -9999 -9999 -9999 -9999 -9999 -9999 -9999 -9999 -9999
16.74298 7.691703 6.748701 6.071168 5.71768 3.933544 2.65672 2.229458 3.743599 2.918995 10.22178 15.94729 14.95442 14.04197 12.79942 24.93621 27.3707 27.85818 28.4492 27.01893 26.32553 29.38481 27.39959 14.71181 11.94842 29.29258 35.3003 36.16157 38.78215 42.04519 43.49946 41.67812 40.54888 43.64665 45.20267 44.03461 36.88334 20.77464 4.766604 24.50022 -9999 -9999 -9999 -9999 -9999 -9999 -9999 -9999 -9999 -9999 -9999 -9999 -9999 -9999 -9999 -9999 -9999 -9999 -9999 -9999 -9999 -9999 -9999 -9999 -9999 -9999 -9999 -9999 -9999
5.85929 6.331736 6.331736 10.00188 10.22899 8.595877 6.15792 4.089788 3.828456 3.138344 10.41831 15.15523 12.96643 10.63579 17.76344 30.18024 30.51943 29.45984 30.81077 31.59152 30.73452 32.42208 34.34 30.98152 22.89453 11.83239 23.08284 31.67632 35.48653 39.26219 42.11897 41.30627 38.70301 39.42379 41.42567 42.78728 41.5366 37.40897 18.07003 23.33031 -9999 -9999 -9999 -9999 -9999 -9999 -9999 -9999 -9999 -9999 -9999 -9999 -9999 -9999 -9999 -9999 -9999 -9999 -9999 -9999 -9999 -9999 -9999 -9999 -9999 -9999 -9999 -9999 -9999
12.3736 10.31508 11.51617 12.45699 12.22622 12.13706 10.81465 8.984877 6.504634 4.503315 10.56925 14.98816 12.30956 8.526679 25.84138 35.96548 36.20766 33.73962 33.62932 34.64238 34.83331 35.16771 37.19424 39.30324 40.31382 36.04321 23.49467 8.720562 19.60498 27.36593 29.35292 33.33081 35.4157 33.66055 36.96594 37.6129 33.65077 35.23372 22.53882 -9999 -9999 -9999 -9999 -9999 -9999 -9999 -9999 -9999 -9999 -9999 -9999 -9999 -9999 -9999 -9999 -9999 -9999 -9999 -9999 -9999 -9999 -9999 -9999 -9999 -9999 -9999 -9999 -9999 -9999
16.25392 13.77733 10.64269 8.401312 9.16253 10.6298 10.71878 11.17563 9.355112 6.635049 10.96052 16.20969 14.68275 20.28573 34.73315 39.81817 38.57565 34.31452 35.56816 37.84338 39.06031 42.48203 47.15956 48.48849 46.97622 44.91798 43.19537 39.78449 31.44437 20.57299 15.07894 29.23933 37.95972 36.00673 42.57527 44.39371 38.96985 37.77143 27.96797 -9999 -9999 -9999 -9999 -9999 -9999 -9999 -9999 -9999 -9999 -9999 -9999 -9999 -9999 -9999 -9999 -9999 -9999 -9999 -9999 -9999 -9999 -9999 -9999 -9999 -9999 -9999 -9999 -9999 -9999
12.05719 12.3342 7.776493 3.943897 5.685719 7.860959 8.209767 10.22899 10.96052 10.59379 14.48943 19.63351 22.89093 31.09805 37.50176 39.02668 35.62926 28.97555 29.13869 32.94662 35.49003 40.59587 45.81666 47.21637 45.18311 42.10163 41.03744 41.77301 40.51277 36.02027 32.95012 42.03747 47.03266 43.23404 46.88756 45.44084 40.14592 41.09485 30.77008 -9999 -9999 -9999 -9999 -9999 -9999 -9999 -9999 -9999 -9999 -9999 -9999 -9999 -9999 -9999 -9999 -9999 -9999 -9999 -9999 -9999 -9999 -9999 -9999 -9999 -9999 -9999 -9999 -9999 -9999
6.405413 9.693482 8.251596 4.448755 4.351602 6.257968 6.673659 8.277552 10.63579 13.33271 15.08761 17.93273 22.75647 29.38071 33.20145 33.47132 27.98309 18.85055 10.46436 9.771062 12.4423 19.76758 22.61812 30.88733 37.75727 38.74508 37.81929 38.58813 37.68377 34.49676 40.83806 45.94372 48.55234 47.27845 51.57247 49.24261 44.37053 41.53337 22.25264 -9999 -9999 -9999 -9999 -9999 -9999 -9999 -9999 -9999 -9999 -9999 -9999 -9999 -9999 -9999 -9999 -9999 -9999 -9999 -9999 -9999 -9999 -9999 -9999 -9999 -9999 -9999 -9999 -9999 -9999
4.759135 8.175653 8.517914 6.487559 5.94157 6.922455 8.019619 8.936681 9.48326 8.927787 8.967735 10.16245 17.76319 23.97041 27.78933 26.42826 19.47887 12.28918 8.079817 6.600787 7.803472 17.42483 14.54128 6.641121 24.31256 38.57998 42.79946 41.22788 39.2681 28.15368 39.15216 37.51966 47.18426 50.36733 50.09782 43.76413 37.25782 28.992 14.51116 -9999 -9999 -9999 -9999 -9999 -9999 -9999 -9999 -9999 -9999 -9999 -9999 -9999 -9999 -9999 -9999 -9999 -9999 -9999 -9999 -9999 -9999 -9999 -9999 -9999 -9999 -9999 -9999 -9999 -9999
5.785432 8.000904 8.559897 7.9558 7.477665 7.654503 8.372787 8.55408 6.405413 3.337111 5.438008 3.084152 15.31588 20.74098 24.67043 23.4593 16.08989 8.643217 5.121009 2.715742 4.51685 15.58162 15.67689 9.294057 15.55001 24.71399 33.73943 37.30472 41.98996 30.49213 35.80131 27.28497 45.49814 48.94878 37.05046 32.98606 26.66231 12.00657 -9999 -9999 -9999 -9999 -9999 -9999 -9999 -9999 -9999 -9999 -9999 -9999 -9999 -9999 -9999 -9999 -9999 -9999 -9999 -9999 -9999 -9999 -9999 -9999 -9999 -9999 -9999 -9999 -9999 -9999 -9999
6.554816 8.67711 10.63809 9.588991 6.885292 5.81248 5.745936 6.41171 7.165094 7.576221 6.432916 3.808426 16.26325 21.76683 26.13738 25.89444 15.28208 8.102039 5.607708 3.807087 5.643713 13.91327 13.03087 11.85038 18.99008 18.52277 11.98359 30.14892 44.50143 42.75552 35.77557 29.40785 45.3251 47.62414 31.44309 33.60121 17.69026 12.23253 -9999 -9999 -9999 -9999 -9999 -9999 -9999 -9999 -9999 -9999 -9999 -9999 -9999 -9999 -9999 -9999 -9999 -9999 -9999 -9999 -9999 -9999 -9999 -9999 -9999 -9999 -9999 -9999 -9999 -9999 -9999
11.05983 8.64782 7.860959 8.657021 4.954738 4.376096 4.205231 4.089788 6.539418 8.844505 8.248573 1.947517 11.87651 22.42616 28.97122 30.01085 15.90988 2.633516 2.128428 1.685242 5.367644 13.82201 12.53784 9.951031 16.01893 20.59138 18.34802 14.67955 31.58655 40.4541 37.92237 34.15979 45.72477 45.81982 31.7563 26.51254 6.018498 26.51125 -9999 -9999 -9999 -9999 -9999 -9999 -9999 -9999 -9999 -9999 -9999 -9999 -9999 -9999 -9999 -9999 -9999 -9999 -9999 -9999 -9999 -9999 -9999 -9999 -9999 -9999 -9999 -9999 -9999 -9999 -9999
10.71147 9.609576 7.212603 6.543271 2.94688 3.646971 3.844405 4.866821 8.020864 7.595376 5.852379 2.779026 6.988256 18.71488 27.36416 30.19358 20.69459 9.428868 5.498244 3.610414 6.492997 13.30119 11.93221 8.802268 14.00182 20.37454 23.88545 20.39296 12.36776 21.52046 31.43968 35.32908 43.04302 38.3116 15.99154 12.70913 25.40049 31.86491 -9999 -9999 -9999 -9999 -9999 -9999 -9999 -9999 -9999 -9999 -9999 -9999 -9999 -9999 -9999 -9999 -9999 -9999 -9999 -9999 -9999 -9999 -9999 -9999 -9999 -9999 -9999 -9999 -9999 -9999 -9999
11.09594 16.10164 7.65254 2.66249 1.320369 2.913737 4.566131 9.812368 11.31768 7.259788 1.768315 4.567245 8.898258 16.99845 23.43497 24.60269 18.73383 11.49505 8.296811 7.054132 8.461593 11.56583 12.64283 11.22696 12.67281 17.73858 23.07715 25.1016 22.0783 15.12101 10.21793 14.80207 27.43114 25.92069 22.61116 27.77642 31.10544 -9999 -9999 -9999 -9999 -9999 -9999 -9999 -9999 -9999 -9999 -9999 -9999 -9999 -9999 -9999 -9999 -9999 -9999 -9999 -9999 -9999 -9999 -9999 -9999 -9999 -9999 -9999 -9999 -9999 -9999 -9999 -9999
11.47432 14.17698 4.950636 4.027015 3.143224 3.480877 5.291534 12.95905 13.34594 8.286585 5.978048 9.48691 13.83025 19.68307 20.16872 18.18759 14.34143 10.93509 9.940629 9.748313 10.58222 10.62473 12.87635 13.35165 11.66736 14.56647 18.91756 21.78693 22.79726 24.46505 23.8367 22.16845 28.02993 30.57939 29.57586 29.74113 30.73152 -9999 -9999 -9999 -9999 -9999 -9999 -9999 -9999 -9999 -9999 -9999 -9999 -9999 -9999 -9999 -9999 -9999 -9999 -9999 -9999 -9999 -9999 -9999 -9999 -9999 -9999 -9999 -9999 -9999 -9999 -9999 -9999
7.895239 7.476995 7.706661 7.797699 6.591619 5.213315 5.3667 11.72707 14.78908 14.27717 8.328008 12.12193 16.17785 16.21566 12.17083 12.58148 11.17868 9.336045 9.435162 9.470738 9.439355 8.681122 13.03601 15.69255 12.01261 13.886 15.53776 16.50345 19.04185 23.9172 27.03105 27.1177 29.38807 29.96709 27.59676 28.15107 29.30762 -9999 -9999 -9999 -9999 -9999 -9999 -9999 -9999 -9999 -9999 -9999 -9999 -9999 -9999 -9999 -9999 -9999 -9999 -9999 -9999 -9999 -9999 -9999 -9999 -9999 -9999 -9999 -9999 -9999 -9999 -9999 -9999
3.655354 1.505372 4.291527 5.336383 5.778431 4.326968 4.16874 7.65254 9.836461 11.84098 5.531316 12.76527 15.50694 10.28122 6.138203 8.620158 9.540947 8.124197 8.52259 9.192771 7.547726 6.857466 13.96085 16.84655 13.38695 14.25071 13.8323 13.66417 16.19975 20.50594 24.2145 25.23892 27.03161 26.81439 22.74249 23.61701 25.31086 -9999 -9999 -9999 -9999 -9999 -9999 -9999 -9999 -9999 -9999 -9999 -9999 -9999 -9999 -9999 -9999 -9999 -9999 -9999 -9999 -9999 -9999 -9999 -9999 -9999 -9999 -9999 -9999 -9999 -9999 -9999 -9999
4.636861 4.610467 3.653958 3.117109 3.476475 2.328286 1.921039 4.357447 8.114357 11.89931 3.681775 12.17281 13.83402 7.254253 4.150372 5.767912 7.873673 7.632223 7.264627 8.202469 7.234153 6.038619 12.2605 16.32842 15.50154 15.50154 13.80553 13.13794 14.35359 16.90277 20.39719 21.68871 23.99343 26.03827 20.73415 19.60431 22.51064 -9999 -9999 -9999 -9999 -9999 -9999 -9999 -9999 -9999 -9999 -9999 -9999 -9999 -9999 -9999 -9999 -9999 -9999 -9999 -9999 -9999 -9999 -9999 -9999 -9999 -9999 -9999 -9999 -9999 -9999 -9999 -9999
7.037723 5.28674 3.327917 2.920746 3.008668 2.431503 1.632739 2.514267 6.989695 12.47745 3.938724 11.28968 12.16448 8.285381 6.631251 6.18166 8.811861 8.566293 5.174242 5.523984 7.533768 7.000477 10.17551 13.88566 15.00562 15.17185 12.6318 11.34173 10.57296 11.65946 14.15997 14.52542 16.19407 21.7962 22.58402 26.29716 -9999 -9999 -9999 -9999 -9999 -9999 -9999 -9999 -9999 -9999 -9999 -9999 -9999 -9999 -9999 -9999 -9999 -9999 -9999 -9999 -9999 -9999 -9999 -9999 -9999 -9999 -9999 -9999 -9999 -9999 -9999 -9999 -9999
